0 0.749862 0.171913 0.412846 1.50493 0.0236812 1.7055 
0.0024276 0.749853 0.171953 0.412846 1.50493 0.0236788 1.70555 
0.0051685 0.749843 0.171996 0.412846 1.50493 0.0236751 1.70562 
0.0077229 0.749836 0.172027 0.412846 1.50493 0.0236736 1.70566 
0.0097643 0.74983 0.172057 0.412846 1.50493 0.0236723 1.7057 
0.011925 0.749823 0.172085 0.412846 1.50493 0.023672 1.70574 
0.0140073 0.749817 0.172111 0.412846 1.50493 0.0236723 1.70577 
0.0163965 0.749811 0.172139 0.412845 1.50493 0.0236724 1.70581 
0.0183991 0.749808 0.172153 0.412845 1.50493 0.0236724 1.70583 
0.0207755 0.749804 0.172167 0.412845 1.50493 0.0236727 1.70585 
0.0228307 0.749801 0.17218 0.412845 1.50493 0.0236726 1.70587 
0.0250487 0.749798 0.172197 0.412844 1.50493 0.0236728 1.70589 
0.0274167 0.749796 0.172206 0.412843 1.50493 0.0236719 1.7059 
0.0296954 0.749794 0.172215 0.412844 1.50493 0.0236722 1.70592 
0.0320237 0.749791 0.172225 0.412843 1.50493 0.0236728 1.70593 
0.0343884 0.74979 0.172232 0.412843 1.50493 0.0236726 1.70594 
0.036799 0.749788 0.172239 0.412843 1.50493 0.0236726 1.70595 
0.0387692 0.749787 0.172245 0.412843 1.50493 0.0236731 1.70596 
0.0409466 0.749786 0.17225 0.412843 1.50493 0.0236733 1.70596 
0.0431923 0.749784 0.172258 0.412843 1.50493 0.0236737 1.70597 
0.0454015 0.749783 0.172262 0.412843 1.50493 0.0236747 1.70598 
0.0478183 0.749782 0.172267 0.412843 1.50493 0.0236747 1.70599 
0.0498985 0.749781 0.172271 0.412843 1.50493 0.0236758 1.70599 
0.0520709 0.74978 0.172274 0.412843 1.50493 0.0236759 1.706 
0.05443 0.749779 0.172279 0.412842 1.50493 0.023677 1.706 
0.0565908 0.749779 0.172282 0.412842 1.50493 0.0236781 1.706 
0.0587855 0.749778 0.172285 0.412842 1.50493 0.0236782 1.70601 
0.0609337 0.749777 0.172288 0.412841 1.50493 0.0236796 1.70601 
0.0632202 0.749776 0.172294 0.412841 1.50493 0.0236809 1.70602 
0.0653968 0.749776 0.172297 0.41284 1.50493 0.0236811 1.70602 
0.0677656 0.749775 0.172299 0.412841 1.50493 0.0236825 1.70603 
0.0699169 0.749774 0.172302 0.41284 1.50493 0.0236827 1.70603 
0.0720379 0.749773 0.172307 0.41284 1.50493 0.0236839 1.70604 
0.0743773 0.749773 0.17231 0.412839 1.50493 0.0236859 1.70604 
0.0767466 0.749772 0.172313 0.412838 1.50493 0.0236871 1.70604 
0.078835 0.749772 0.172315 0.412837 1.50493 0.0236884 1.70605 
0.0811363 0.749772 0.172317 0.412837 1.50493 0.0236892 1.70605 
0.0832114 0.749771 0.17232 0.412835 1.50493 0.0236918 1.70605 
0.0853817 0.749771 0.17232 0.412834 1.50493 0.0236937 1.70605 
0.0877276 0.749771 0.172322 0.412833 1.50494 0.0236947 1.70605 
0.0898325 0.749771 0.172324 0.412832 1.50494 0.0236959 1.70605 
0.092035 0.749771 0.172325 0.412831 1.50494 0.0236974 1.70606 
0.0943286 0.749771 0.172327 0.41283 1.50494 0.0237007 1.70606 
0.0968107 0.749771 0.172328 0.412828 1.50494 0.0237014 1.70606 
0.098801 0.749771 0.172328 0.412827 1.50494 0.0237037 1.70606 
0.100942 0.749772 0.172328 0.412825 1.50495 0.0237056 1.70605 
0.103255 0.749772 0.172328 0.412821 1.50495 0.023709 1.70605 
0.1054 0.749773 0.172328 0.412818 1.50495 0.0237104 1.70605 
0.107795 0.749773 0.172328 0.412815 1.50496 0.0237126 1.70605 
0.109871 0.749774 0.172328 0.412812 1.50496 0.0237152 1.70605 
0.112078 0.749775 0.172328 0.412809 1.50497 0.0237175 1.70605 
0.114357 0.749776 0.172327 0.412804 1.50497 0.0237218 1.70605 
0.116504 0.749777 0.172327 0.4128 1.50498 0.0237239 1.70605 
0.118789 0.749778 0.172326 0.412796 1.50498 0.0237276 1.70604 
0.120935 0.749779 0.172325 0.412791 1.50499 0.023729 1.70604 
0.123233 0.74978 0.172325 0.412783 1.505 0.0237341 1.70604 
0.125362 0.749782 0.172324 0.412777 1.50501 0.0237371 1.70604 
0.127972 0.749783 0.172323 0.412772 1.50501 0.0237405 1.70603 
0.130177 0.749785 0.17232 0.412764 1.50502 0.0237444 1.70603 
0.132455 0.749786 0.172319 0.412759 1.50503 0.0237474 1.70603 
0.134776 0.749787 0.172317 0.412754 1.50504 0.0237496 1.70602 
0.136798 0.749789 0.172315 0.412748 1.50504 0.0237532 1.70602 
0.138989 0.74979 0.172312 0.412742 1.50505 0.0237572 1.70601 
0.141253 0.749793 0.172308 0.412732 1.50506 0.0237618 1.70601 
0.14359 0.749795 0.172305 0.412725 1.50507 0.0237647 1.706 
0.145774 0.749797 0.172303 0.412718 1.50508 0.0237666 1.706 
0.14789 0.749799 0.172299 0.412711 1.50509 0.0237695 1.70599 
0.15015 0.749802 0.172294 0.4127 1.50511 0.0237753 1.70598 
0.152416 0.749805 0.172288 0.41269 1.50512 0.023781 1.70597 
0.1548 0.749808 0.172281 0.412681 1.50513 0.0237856 1.70596 
0.156793 0.749812 0.17227 0.412671 1.50514 0.0237903 1.70594 
0.158968 0.749817 0.172257 0.41266 1.50516 0.0237967 1.70592 
0.161364 0.749825 0.172233 0.412643 1.50518 0.0238062 1.70588 
0.163443 0.749832 0.172213 0.41263 1.5052 0.0238145 1.70585 
0.165789 0.74984 0.172189 0.412614 1.50522 0.0238221 1.70581 
0.167846 0.749848 0.172165 0.412598 1.50524 0.0238333 1.70577 
0.170083 0.749862 0.172123 0.412573 1.50528 0.0238552 1.7057 
0.172385 0.749871 0.172092 0.412556 1.5053 0.0238742 1.70565 
0.174678 0.749881 0.172061 0.412541 1.50532 0.0238902 1.70559 
0.176816 0.74989 0.172032 0.412526 1.50534 0.0239019 1.70554 
0.179014 0.749898 0.172004 0.412513 1.50536 0.0239072 1.7055 
0.181305 0.749913 0.171954 0.412494 1.50539 0.0239102 1.70542 
0.183687 0.749923 0.171918 0.412483 1.50541 0.0239113 1.70537 
0.18579 0.749934 0.171875 0.412473 1.50542 0.0239097 1.70531 
0.187883 0.749947 0.171827 0.412462 1.50544 0.0239053 1.70524 
0.190162 0.749969 0.171745 0.412445 1.50547 0.0238897 1.70513 
0.19255 0.749984 0.171687 0.412432 1.50548 0.0238747 1.70505 
0.194798 0.749999 0.17163 0.41242 1.50551 0.0238602 1.70497 
0.196916 0.750017 0.171565 0.412406 1.50553 0.0238436 1.70487 
0.199084 0.750047 0.171447 0.412385 1.50556 0.023814 1.70471 
0.201418 0.750069 0.171361 0.412371 1.50559 0.0237903 1.70459 
0.203737 0.750091 0.171278 0.412356 1.50561 0.0237641 1.70448 
0.205795 0.750114 0.17119 0.41234 1.50564 0.0237316 1.70437 
0.207964 0.750138 0.171095 0.412323 1.50566 0.0237055 1.70424 
0.210236 0.750174 0.170958 0.412297 1.50571 0.0236683 1.70405 
0.212365 0.750196 0.170873 0.412278 1.50574 0.0236389 1.70393 
0.214785 0.750221 0.170783 0.412257 1.50577 0.0236032 1.70381 
0.216862 0.750242 0.170703 0.412241 1.5058 0.0235922 1.7037 
0.219086 0.750278 0.170571 0.412206 1.50586 0.0235322 1.70351 
0.221382 0.750303 0.17048 0.412181 1.5059 0.0234975 1.70339 
0.223726 0.750331 0.170378 0.412154 1.50595 0.0234683 1.70324 
0.225773 0.75036 0.170275 0.412118 1.506 0.0234351 1.7031 
0.227985 0.750392 0.170167 0.412076 1.50607 0.0233998 1.70294 
0.230251 0.750442 0.169998 0.412011 1.50617 0.0233432 1.70271 
0.232407 0.750473 0.169886 0.411978 1.50622 0.0233129 1.70255 
0.234813 0.750503 0.16978 0.411945 1.50628 0.0232782 1.7024 
0.23687 0.750534 0.169667 0.411911 1.50633 0.0232447 1.70224 
0.239238 0.75058 0.1695 0.411864 1.50641 0.0231749 1.702 
0.241396 0.750613 0.169383 0.411826 1.50647 0.0231324 1.70184 
0.243791 0.750648 0.16926 0.411787 1.50654 0.023095 1.70166 
0.245772 0.750685 0.169127 0.411742 1.50661 0.0230558 1.70147 
0.247952 0.750725 0.168991 0.411691 1.50669 0.0230172 1.70128 
0.250214 0.750788 0.168778 0.411605 1.50682 0.0229626 1.70098 
0.253162 0.75085 0.168568 0.411518 1.50695 0.0229153 1.70068 
0.256129 0.75091 0.168367 0.41143 1.50708 0.0228665 1.7004 
0.25906 0.750949 0.168237 0.411371 1.50717 0.0228352 1.70021 
0.261248 0.751008 0.168044 0.411278 1.50731 0.022804 1.69993 
0.263442 0.75105 0.16791 0.411205 1.50741 0.0227824 1.69974 
0.265742 0.751095 0.167765 0.41113 1.50752 0.0227561 1.69953 
0.267864 0.75114 0.167622 0.411055 1.50763 0.0227349 1.69933 
0.270049 0.751207 0.1674 0.410947 1.50779 0.0227092 1.699 
0.272766 0.751253 0.167253 0.410866 1.50791 0.0226898 1.69879 
0.274775 0.751303 0.167091 0.41078 1.50803 0.0226585 1.69855 
0.276812 0.751352 0.166931 0.4107 1.50815 0.02263 1.69832 
0.279004 0.751405 0.166753 0.41062 1.50827 0.0225976 1.69807 
0.281249 0.751488 0.166472 0.410497 1.50845 0.0225377 1.69767 
0.283444 0.751545 0.166278 0.41041 1.50858 0.0224916 1.6974 
0.285804 0.751603 0.166083 0.410325 1.50871 0.0224485 1.69712 
0.288077 0.75166 0.165883 0.410244 1.50883 0.0223941 1.69685 
0.290341 0.751746 0.165589 0.410119 1.50901 0.0223186 1.69643 
0.292529 0.751802 0.165395 0.410035 1.50914 0.0222674 1.69616 
0.294852 0.751863 0.165186 0.409947 1.50927 0.0222055 1.69586 
0.296925 0.751921 0.16498 0.40987 1.50939 0.0221448 1.69558 
0.299195 0.752011 0.164661 0.409751 1.50957 0.0220558 1.69513 
0.301443 0.75207 0.164453 0.409666 1.5097 0.0220019 1.69483 
0.303838 0.752132 0.164228 0.409583 1.50982 0.0219482 1.69452 
0.305833 0.752196 0.164 0.409502 1.50995 0.0218943 1.6942 
0.308012 0.752261 0.163757 0.409426 1.51006 0.0218412 1.69386 
0.310312 0.752359 0.163397 0.409308 1.51024 0.0217522 1.69335 
0.312501 0.752421 0.163171 0.409226 1.51037 0.0216804 1.69304 
0.314825 0.752486 0.162934 0.409146 1.51049 0.0216199 1.69272 
0.316919 0.752552 0.162686 0.409068 1.5106 0.0215416 1.69238 
0.319215 0.752654 0.162305 0.408952 1.51078 0.0214354 1.69185 
0.321473 0.752723 0.162051 0.408866 1.51091 0.021357 1.6915 
0.323745 0.752797 0.161776 0.408776 1.51105 0.021282 1.69112 
0.325864 0.752873 0.161493 0.40868 1.51119 0.0211982 1.69074 
0.328141 0.752952 0.161199 0.408588 1.51133 0.0211153 1.69033 
0.330284 0.753069 0.160764 0.408441 1.51155 0.020977 1.68975 
0.332722 0.753145 0.160487 0.40834 1.5117 0.0209052 1.68936 
0.334833 0.753223 0.160196 0.40824 1.51185 0.0208379 1.68896 
0.336935 0.753298 0.159915 0.408148 1.51199 0.0207584 1.68857 
0.339195 0.753413 0.159477 0.408011 1.5122 0.0206536 1.68796 
0.341426 0.753492 0.159176 0.407917 1.51234 0.020579 1.68754 
0.343814 0.753574 0.15886 0.40782 1.51248 0.0205149 1.68711 
0.345825 0.753628 0.158681 0.407725 1.51263 0.0204435 1.68685 
0.348021 0.753707 0.158379 0.407626 1.51277 0.0203877 1.68643 
0.350413 0.75383 0.157908 0.407475 1.513 0.0202932 1.68577 
0.352955 0.753914 0.157582 0.407379 1.51314 0.02023 1.68531 
0.355063 0.753996 0.157257 0.407291 1.51328 0.0201457 1.68485 
0.357354 0.754124 0.156745 0.407157 1.51348 0.0200077 1.68414 
0.359809 0.75421 0.156399 0.407071 1.51361 0.0199197 1.68366 
0.361809 0.754296 0.15605 0.406986 1.51374 0.0198224 1.68318 
0.363978 0.754378 0.155718 0.406904 1.51386 0.0197257 1.68272 
0.36628 0.754506 0.155188 0.406802 1.51393 0.0195696 1.68197 
0.368412 0.754591 0.154834 0.406735 1.51396 0.0194725 1.68146 
0.370851 0.754677 0.154483 0.406654 1.51406 0.0193731 1.68097 
0.37288 0.754765 0.15412 0.406573 1.51416 0.0192883 1.68047 
0.375073 0.754854 0.153745 0.406499 1.51425 0.0191971 1.67994 
0.376375 0.754985 0.153196 0.406389 1.51438 0.0190542 1.67918 
0.379848 0.755071 0.152835 0.406314 1.51447 0.0189576 1.67868 
0.381822 0.755205 0.152273 0.406195 1.51463 0.0187913 1.67791 
0.384444 0.755296 0.151895 0.406111 1.51474 0.0186798 1.6774 
0.386812 0.755391 0.151495 0.406028 1.51486 0.0185443 1.67686 
0.388878 0.755478 0.151127 0.405955 1.51494 0.0184363 1.67637 
0.391006 0.755572 0.150736 0.405875 1.51504 0.0182904 1.67584 
0.393305 0.755713 0.150155 0.405745 1.5152 0.0181055 1.67506 
0.395488 0.755807 0.149772 0.40565 1.51534 0.0179934 1.67455 
0.397801 0.755903 0.149377 0.405558 1.51546 0.017875 1.67403 
0.399941 0.755992 0.149002 0.405488 1.51554 0.0178483 1.67351 
0.402209 0.756136 0.148412 0.405351 1.51573 0.0176892 1.67272 
0.404776 0.756232 0.148026 0.405248 1.51586 0.0175843 1.6722 
0.406797 0.756331 0.147627 0.405147 1.51599 0.0174843 1.67166 
0.408836 0.75643 0.147225 0.405042 1.51613 0.017378 1.67112 
0.411014 0.756529 0.146822 0.40494 1.51627 0.0172754 1.67057 
0.413312 0.756682 0.146205 0.404765 1.5165 0.0171039 1.66975 
0.415813 0.756785 0.145787 0.404651 1.51665 0.0169862 1.66919 
0.417792 0.756888 0.145377 0.404529 1.51682 0.016866 1.66864 
0.419921 0.756992 0.144944 0.404417 1.51697 0.0167478 1.66807 
0.422171 0.757145 0.144317 0.404244 1.5172 0.0165716 1.66723 
0.424392 0.757245 0.143895 0.404139 1.51733 0.0164599 1.66667 
0.426807 0.757343 0.143483 0.404036 1.51747 0.0163388 1.66612 
0.428883 0.757443 0.143059 0.403929 1.51761 0.0162292 1.66556 
0.431188 0.757542 0.142635 0.403825 1.51775 0.0161154 1.66499 
0.433309 0.757687 0.141979 0.403712 1.51789 0.015931 1.66413 
0.435744 0.757784 0.141557 0.403613 1.51802 0.015817 1.66357 
0.43781 0.757887 0.141112 0.403505 1.51817 0.0157005 1.66297 
0.439915 0.757986 0.140681 0.403397 1.51831 0.0155851 1.6624 
0.442188 0.75814 0.14 0.40324 1.51852 0.0153919 1.6615 
0.444427 0.758237 0.139567 0.403139 1.51865 0.0152658 1.66093 
0.446795 0.758339 0.139117 0.403032 1.5188 0.0151369 1.66033 
0.44884 0.758436 0.138683 0.402933 1.51894 0.0150085 1.65976 
0.451022 0.758537 0.138219 0.402838 1.51907 0.0148735 1.65915 
0.453355 0.758689 0.13752 0.402698 1.51925 0.014683 1.65823 
0.455491 0.758787 0.137078 0.402598 1.51938 0.0145687 1.65764 
0.457807 0.758888 0.136621 0.402495 1.51951 0.0144446 1.65704 
0.459911 0.758986 0.136178 0.402392 1.51964 0.014326 1.65646 
0.462159 0.759142 0.135475 0.402216 1.51987 0.0141356 1.65554 
0.464744 0.759245 0.135021 0.402092 1.52004 0.0140122 1.65495 
0.466851 0.759349 0.134547 0.401976 1.52019 0.0138775 1.65433 
0.468861 0.759451 0.13409 0.401861 1.52034 0.0137476 1.65373 
0.471098 0.759609 0.133364 0.401683 1.52058 0.0135381 1.65279 
0.473364 0.759712 0.132892 0.401563 1.52074 0.0134021 1.65218 
0.475824 0.759817 0.132412 0.401444 1.5209 0.0132657 1.65155 
0.477834 0.759918 0.131956 0.401321 1.52107 0.0131464 1.65096 
0.480037 0.760022 0.131477 0.401202 1.52123 0.0130169 1.65034 
0.482258 0.760175 0.130766 0.401035 1.52146 0.0128287 1.64943 
0.484484 0.76028 0.130281 0.400921 1.52162 0.0127012 1.6488 
0.486798 0.760381 0.129813 0.400807 1.52178 0.0125792 1.6482 
0.488872 0.760485 0.129321 0.400696 1.52194 0.0124438 1.64756 
0.491085 0.760606 0.128803 0.400523 1.52219 0.0122329 1.6469 
0.493366 0.760748 0.128092 0.400405 1.52236 0.0120929 1.64598 
0.495859 0.760852 0.127595 0.400296 1.52252 0.0119389 1.64535 
0.497803 0.760953 0.127115 0.400191 1.52268 0.0117885 1.64473 
0.500023 0.761057 0.126607 0.400088 1.52283 0.0116403 1.64408 
0.50233 0.76121 0.125869 0.399929 1.52306 0.0114152 1.64314 
0.504536 0.761411 0.12488 0.399726 1.52335 0.0111152 1.64189 
0.509513 0.761565 0.12412 0.399561 1.52359 0.0109017 1.64092 
0.512395 0.761717 0.123375 0.399394 1.52384 0.0106947 1.63997 
0.515063 0.761816 0.122884 0.399279 1.52401 0.0105388 1.63935 
0.517323 0.761973 0.122108 0.399098 1.52427 0.0103022 1.63837 
0.519453 0.762077 0.121583 0.398979 1.52444 0.0101549 1.6377 
0.521829 0.762177 0.121082 0.39886 1.52461 0.00999932 1.63707 
0.523952 0.762276 0.120587 0.398743 1.52479 0.00985376 1.63644 
0.526133 0.762429 0.119814 0.398558 1.52505 0.00965069 1.63546 
0.528745 0.762531 0.119291 0.398442 1.52522 0.00956166 1.6348 
0.530842 0.76263 0.11879 0.398319 1.5254 0.0095514 1.63415 
0.532845 0.762733 0.118259 0.398198 1.52558 0.00951714 1.63348 
0.535075 0.762836 0.117734 0.398075 1.52576 0.00941088 1.63281 
0.537389 0.762987 0.116954 0.397903 1.52601 0.00923628 1.63182 
0.539782 0.763086 0.116452 0.397784 1.52619 0.00911323 1.63119 
0.542142 0.763186 0.115934 0.397673 1.52636 0.00899344 1.63053 
0.544385 0.7633 0.115391 0.397509 1.52661 0.00878574 1.62986 
0.546575 0.763404 0.114855 0.397398 1.52679 0.00864415 1.62919 
0.548846 0.763504 0.114348 0.397285 1.52697 0.00851993 1.62855 
0.550959 0.763607 0.113822 0.397168 1.52715 0.00839373 1.62789 
0.553299 0.763759 0.113041 0.397004 1.52741 0.00821825 1.62691 
0.55576 0.763858 0.112533 0.396893 1.52759 0.00809047 1.62627 
0.557857 0.763958 0.112018 0.396782 1.52776 0.00796556 1.62563 
0.559924 0.764055 0.111519 0.396671 1.52794 0.00783398 1.625 
0.562286 0.764153 0.111009 0.396569 1.5281 0.00771189 1.62436 
0.564621 0.764303 0.110217 0.396416 1.52835 0.00748975 1.62337 
0.566852 0.764404 0.109693 0.396306 1.52853 0.00734256 1.62272 
0.568971 0.764503 0.109192 0.396193 1.52872 0.00719806 1.6221 
0.571067 0.764609 0.108656 0.396069 1.52892 0.00702075 1.62144 
0.57344 0.764759 0.1079 0.395895 1.5292 0.00679282 1.62052 
0.575562 0.76486 0.107384 0.395774 1.52939 0.00665112 1.61989 
0.577902 0.76496 0.106878 0.395647 1.52959 0.00650415 1.61927 
0.580026 0.765063 0.106345 0.395518 1.52979 0.00637126 1.61861 
0.582345 0.765214 0.105569 0.395335 1.53008 0.00617413 1.61765 
0.584747 0.765305 0.105104 0.395232 1.53025 0.00613778 1.61707 
0.586833 0.765409 0.104587 0.395094 1.53046 0.00601834 1.61643 
0.588904 0.76551 0.104074 0.394968 1.53067 0.00587954 1.6158 
0.591072 0.765615 0.103545 0.394826 1.53089 0.00573556 1.61516 
0.593381 0.765768 0.102784 0.39462 1.53122 0.00553291 1.61423 
0.59586 0.765873 0.102251 0.394483 1.53144 0.00539791 1.61358 
0.597834 0.765977 0.101736 0.394355 1.53166 0.00526725 1.61296 
0.59999 0.766081 0.101211 0.394227 1.53187 0.00512452 1.61232 
0.602301 0.766231 0.10046 0.394038 1.53218 0.00491517 1.61141 
0.604491 0.766334 0.0999255 0.393916 1.53239 0.00477459 1.61077 
0.606859 0.76643 0.099415 0.393825 1.53255 0.00463453 1.61015 
0.608927 0.766532 0.0988904 0.393701 1.53276 0.00450581 1.60952 
0.611147 0.766631 0.0983875 0.393576 1.53296 0.00437867 1.60891 
0.613487 0.76678 0.0975907 0.393386 1.53327 0.00416831 1.60795 
0.615824 0.766878 0.0970557 0.393267 1.53346 0.00401037 1.6073 
0.617843 0.766971 0.0965443 0.393154 1.53364 0.00385565 1.60669 
0.620092 0.767115 0.0957427 0.392981 1.53392 0.0036071 1.60573 
0.623009 0.767253 0.0949495 0.392817 1.53418 0.00335242 1.60478 
0.625767 0.767344 0.0944056 0.392714 1.53434 0.00317745 1.60412 
0.627936 0.76743 0.0938865 0.392617 1.5345 0.00301476 1.6035 
0.629955 0.76752 0.0933364 0.392512 1.53466 0.00285597 1.60284 
0.63221 0.767655 0.0925295 0.392347 1.53491 0.00263273 1.60187 
0.634515 0.767743 0.0920089 0.392233 1.53508 0.00248785 1.60124 
0.636874 0.767834 0.0914602 0.392119 1.53526 0.00233004 1.60058 
0.638861 0.767924 0.0909284 0.391997 1.53544 0.00217878 1.59994 
0.641083 0.768016 0.0903831 0.39187 1.53564 0.00201338 1.59929 
0.643371 0.768148 0.0895988 0.391682 1.53592 0.00176864 1.59835 
0.645512 0.768239 0.0890427 0.391558 1.5361 0.00160007 1.59769 
0.647878 0.768328 0.0885086 0.391435 1.53629 0.00143963 1.59705 
0.649968 0.768417 0.0879607 0.39131 1.53647 0.00128089 1.5964 
0.652316 0.76855 0.0871708 0.391123 1.53676 0.00104941 1.59546 
0.654547 0.768643 0.0866208 0.390993 1.53696 0.000906198 1.59481 
0.656891 0.768733 0.0860991 0.390858 1.53717 0.000769014 1.59419 
0.659028 0.768823 0.0855648 0.390729 1.53736 0.000643261 1.59355 
0.661223 0.768956 0.0847542 0.390541 1.53765 0.000454771 1.59257 
0.663522 0.769044 0.0842201 0.390415 1.53784 0.000326195 1.59194 
0.66584 0.769134 0.083673 0.390286 1.53804 0.000178993 1.59128 
0.667988 0.769221 0.0831508 0.390162 1.53824 3.91949e-05 1.59066 
0.670114 0.769312 0.0825982 0.390033 1.53844 -0.000103396 1.59001 
0.672407 0.769445 0.0818033 0.389839 1.53874 -0.000320889 1.58907 
0.674769 0.769533 0.0812591 0.389715 1.53893 -0.000459493 1.58843 
0.679928 0.769751 0.0799065 0.389406 1.53942 -0.000812824 1.58685 
0.682302 0.769884 0.079107 0.38922 1.53971 -0.00102773 1.58592 
0.684491 0.769969 0.0785895 0.389103 1.5399 -0.00115976 1.58532 
0.686892 0.770059 0.0780453 0.388977 1.5401 -0.00127824 1.58468 
0.689056 0.770146 0.0775187 0.388846 1.54031 -0.00142212 1.58408 
0.691262 0.770283 0.0767219 0.388638 1.54063 -0.00163545 1.58316 
0.693493 0.770374 0.0761901 0.388489 1.54087 -0.00174468 1.58253 
0.69576 0.770467 0.0756442 0.388342 1.5411 -0.00187328 1.58191 
0.697855 0.770555 0.0751262 0.388199 1.54132 -0.00201623 1.58133 
0.700094 0.770645 0.074596 0.38806 1.54154 -0.00213556 1.58073 
0.701576 0.770777 0.0738075 0.387844 1.54187 -0.00232796 1.57983 
0.704875 0.770864 0.0732662 0.387703 1.54208 -0.00245658 1.57922 
0.706927 0.77094 0.0727409 0.387567 1.54227 -0.00258523 1.57862 
0.70909 0.771026 0.0722066 0.387419 1.54248 -0.00268876 1.57802 
0.711321 0.771154 0.071404 0.387198 1.54281 -0.00285535 1.57711 
0.713582 0.771236 0.07089 0.387061 1.54302 -0.00296952 1.57653 
0.71594 0.771317 0.0703581 0.386924 1.54322 -0.00307111 1.57592 
0.717924 0.771395 0.0698291 0.386795 1.54341 -0.00319082 1.57531 
0.72021 0.771519 0.0689753 0.386596 1.5437 -0.00336162 1.57433 
0.722503 0.771601 0.0684355 0.38645 1.54392 -0.00348954 1.57372 
0.724858 0.77168 0.0679165 0.386312 1.54412 -0.00361628 1.57314 
0.726935 0.771761 0.0673654 0.386175 1.54433 -0.00374513 1.57251 
0.729163 0.771838 0.0668425 0.386036 1.54453 -0.00386383 1.57191 
0.731419 0.771953 0.0660402 0.385837 1.54482 -0.0040624 1.571 
0.733818 0.772008 0.0657666 0.385708 1.54501 -0.00419646 1.57074 
0.735868 0.772087 0.0652409 0.385565 1.54522 -0.00431965 1.57015 
0.737973 0.772166 0.0647078 0.385426 1.54543 -0.00442754 1.56954 
0.740114 0.772284 0.0639276 0.385211 1.54575 -0.00457406 1.56866 
0.742434 0.772362 0.0634157 0.385062 1.54597 -0.00467385 1.56808 
0.744907 0.772443 0.0628794 0.384909 1.5462 -0.0047709 1.56747 
0.746912 0.772525 0.0623661 0.384749 1.54644 -0.00489631 1.5669 
0.749009 0.772608 0.0618387 0.384582 1.54669 -0.00499628 1.56631 
0.751292 0.772731 0.0610609 0.384333 1.54706 -0.00518332 1.56542 
0.753427 0.772813 0.0605326 0.384166 1.54731 -0.00528586 1.56482 
0.755862 0.772895 0.0600337 0.384001 1.54757 -0.00537607 1.56426 
0.757917 0.772977 0.0595088 0.383844 1.54781 -0.0054837 1.56367 
0.760125 0.773059 0.0589932 0.383686 1.54805 -0.00557601 1.56309 
0.762404 0.773181 0.0582161 0.383457 1.54841 -0.00573097 1.56223 
0.764866 0.773263 0.0577038 0.383297 1.54866 -0.00581382 1.56166 
0.765965 0.773338 0.0572272 0.383158 1.54887 -0.00583555 1.56113 
0.769023 0.773416 0.0567248 0.383007 1.5491 -0.00591114 1.56057 
0.771287 0.773534 0.0559677 0.382784 1.54944 -0.00606307 1.55974 
0.773477 0.773609 0.0554522 0.382651 1.54965 -0.00617549 1.55918 
0.775841 0.773684 0.0549402 0.382513 1.54986 -0.00630303 1.55862 
0.777959 0.773759 0.0544177 0.382372 1.55007 -0.00642925 1.55804 
0.780091 0.773868 0.0536698 0.382149 1.55041 -0.00660059 1.55722 
0.782466 0.77394 0.0531475 0.381997 1.55062 -0.00671877 1.55665 
0.784592 0.774011 0.0526356 0.381837 1.55085 -0.00685104 1.55609 
0.786863 0.774082 0.0521138 0.381689 1.55106 -0.00698241 1.55552 
0.78899 0.774153 0.0516083 0.381527 1.55129 -0.0071073 1.55496 
0.791292 0.774258 0.0508252 0.381293 1.55162 -0.00727954 1.5541 
0.793765 0.774324 0.0503211 0.381141 1.55183 -0.00738296 1.55355 
0.795859 0.774392 0.049809 0.380984 1.55205 -0.0075081 1.55299 
0.797916 0.774458 0.0493214 0.380838 1.55226 -0.00763686 1.55247 
0.800101 0.774562 0.0485541 0.380616 1.55257 -0.00781437 1.55164 
0.802445 0.774629 0.0480425 0.380476 1.55277 -0.00793253 1.55109 
0.804861 0.774689 0.0475516 0.380382 1.55291 -0.00807293 1.55056 
0.806846 0.774758 0.0470461 0.380232 1.55313 -0.00818556 1.55002 
0.809204 0.774861 0.046308 0.380014 1.55345 -0.00835319 1.54923 
0.811472 0.774927 0.0458081 0.37988 1.55365 -0.00846861 1.5487 
0.813798 0.774992 0.0453207 0.37974 1.55385 -0.0085919 1.54818 
0.815871 0.775059 0.0448057 0.379604 1.55406 -0.00870882 1.54762 
0.818032 0.775127 0.0443058 0.379459 1.55427 -0.00882501 1.54708 
0.820305 0.775228 0.0435587 0.379236 1.55461 -0.00899798 1.54627 
0.822791 0.775296 0.0430757 0.379082 1.55484 -0.00910956 1.54576 
0.824823 0.775366 0.0425685 0.378924 1.55507 -0.00919565 1.54521 
0.826986 0.775436 0.042087 0.378767 1.55531 -0.00928823 1.5447 
0.829196 0.775538 0.0413497 0.378539 1.55565 -0.00942163 1.54391 
0.831457 0.775607 0.0408708 0.378383 1.55589 -0.00950683 1.54341 
0.833884 0.775676 0.0403657 0.378225 1.55612 -0.00958966 1.54287 
0.835901 0.77574 0.0398917 0.378071 1.55634 -0.00966267 1.54237 
0.83809 0.775804 0.0394037 0.377914 1.55657 -0.00973338 1.54185 
0.840322 0.775897 0.03867 0.377701 1.55687 -0.00985226 1.54108 
0.84254 0.775956 0.0381894 0.377564 1.55706 -0.00992584 1.54057 
0.844837 0.776012 0.0377106 0.377437 1.55724 -0.00999176 1.54006 
0.846934 0.77607 0.0372138 0.377304 1.55743 -0.0100586 1.53953 
0.849178 0.776159 0.0364661 0.377095 1.55773 -0.0101598 1.53872 
0.85177 0.776216 0.0359897 0.376958 1.55793 -0.0102476 1.53823 
0.853869 0.776274 0.0355011 0.376823 1.55812 -0.0103477 1.53772 
0.855916 0.776332 0.0350296 0.376681 1.55832 -0.010436 1.53724 
0.858195 0.776393 0.0345275 0.376546 1.55852 -0.0105296 1.53671 
0.86031 0.776482 0.0338181 0.376342 1.55881 -0.0106603 1.53599 
0.86247 0.776542 0.0333354 0.376197 1.55902 -0.0107405 1.5355 
0.864841 0.776603 0.0328723 0.37605 1.55924 -0.0108283 1.53503 
0.866944 0.776666 0.0323801 0.375898 1.55945 -0.0109123 1.53453 
0.869124 0.776759 0.0316541 0.375659 1.55982 -0.0109484 1.53374 
0.871455 0.776821 0.0311964 0.375502 1.56005 -0.0110065 1.53327 
0.873792 0.776885 0.0307075 0.375341 1.56028 -0.011061 1.53277 
0.875856 0.77695 0.0302418 0.375173 1.56053 -0.0111012 1.5323 
0.87809 0.777015 0.0297685 0.375005 1.56078 -0.0111429 1.53182 
0.880307 0.777111 0.0290964 0.374763 1.56114 -0.0112204 1.53115 
0.882749 0.777159 0.0286023 0.374636 1.5613 -0.0112994 1.53064 
0.884829 0.777221 0.0281438 0.374486 1.56152 -0.011372 1.53019 
0.886922 0.777281 0.0276658 0.374338 1.56174 -0.01144 1.5297 
0.889278 0.777369 0.0269558 0.374104 1.56207 -0.0115531 1.52899 
0.891502 0.777426 0.026484 0.373952 1.56229 -0.0116239 1.52852 
0.893845 0.777482 0.0259998 0.373808 1.5625 -0.0117086 1.52802 
0.89588 0.777535 0.0255405 0.373667 1.5627 -0.0117969 1.52755 
0.898088 0.777587 0.0250818 0.373533 1.56289 -0.0119035 1.52709 
0.90031 0.777668 0.0243564 0.373321 1.56319 -0.0120567 1.52635 
0.902504 0.77772 0.0238714 0.373177 1.56339 -0.0121535 1.52586 
0.904869 0.777772 0.0234134 0.373025 1.5636 -0.0122671 1.52541 
0.906969 0.777827 0.0229296 0.372867 1.56382 -0.0123641 1.52493 
0.909192 0.777912 0.0221827 0.372628 1.56415 -0.0125191 1.52419 
0.91173 0.777966 0.0217346 0.372468 1.56437 -0.0126349 1.52376 
0.913814 0.778023 0.021285 0.372307 1.5646 -0.0127393 1.52333 
0.915828 0.77808 0.0208099 0.372142 1.56483 -0.0128318 1.52286 
0.918003 0.778137 0.0203544 0.37198 1.56506 -0.0129353 1.52243 
0.920325 0.778224 0.0196706 0.371739 1.5654 -0.0130812 1.52178 
0.922551 0.77828 0.019214 0.371585 1.56563 -0.0131581 1.52134 
0.924878 0.778337 0.0187664 0.371432 1.56584 -0.0133003 1.52093 
0.927022 0.778396 0.018305 0.371273 1.56608 -0.0133894 1.52049 
0.929271 0.778479 0.017881 0.371033 1.56643 -0.0135113 1.52017 
0.931479 0.778535 0.0174426 0.370881 1.56665 -0.0135826 1.51976 
0.933776 0.778593 0.0169761 0.370723 1.56689 -0.013657 1.51931 
0.935918 0.778647 0.016527 0.370576 1.5671 -0.0137208 1.51887 
0.93806 0.778702 0.0160731 0.370423 1.56732 -0.0137896 1.51844 
0.940334 0.778781 0.0154178 0.370191 1.56765 -0.0138339 1.51781 
0.942772 0.778835 0.014969 0.370025 1.56788 -0.0139054 1.51738 
0.944817 0.778888 0.0145043 0.369857 1.56812 -0.0139709 1.51693 
0.9469 0.778939 0.0140628 0.369701 1.56834 -0.0140449 1.51652 
0.949137 0.779016 0.0133848 0.369457 1.56867 -0.0141567 1.51588 
0.951438 0.779071 0.0129393 0.369285 1.56891 -0.0142009 1.51546 
0.953914 0.779126 0.0124897 0.369105 1.56917 -0.0142503 1.51505 
0.955884 0.779182 0.012066 0.368936 1.56941 -0.0143081 1.51467 
0.958091 0.779236 0.0116231 0.368776 1.56963 -0.014381 1.51427 
0.960302 0.779314 0.0109459 0.368554 1.56994 -0.0144678 1.51367 
0.962452 0.779367 0.0105213 0.368402 1.57015 -0.0145271 1.5133 
0.964837 0.77942 0.0100859 0.368247 1.57037 -0.0145778 1.51292 
0.966918 0.779475 0.00966952 0.368091 1.5706 -0.0146286 1.51257 
0.969224 0.779557 0.00900892 0.367854 1.57094 -0.0146784 1.51197 
0.971733 0.779611 0.00859436 0.367705 1.57116 -0.0147163 1.51161 
0.973843 0.779662 0.00815875 0.367557 1.57137 -0.0147432 1.51122 
0.975848 0.779712 0.0077322 0.367409 1.57158 -0.0148043 1.51084 
0.978153 0.77976 0.00727857 0.367262 1.57179 -0.0148639 1.51042 
0.980355 0.77983 0.00662721 0.367039 1.57209 -0.0149421 1.50983 
0.982493 0.779875 0.00621397 0.36689 1.57229 -0.0149904 1.50947 
0.984865 0.779922 0.00577409 0.366741 1.5725 -0.0150228 1.50906 
0.986927 0.779967 0.00534571 0.366582 1.57271 -0.0150614 1.50867 
0.989134 0.780032 0.00469946 0.366406 1.57296 -0.0151708 1.5081 
0.99147 0.780081 0.00428921 0.366245 1.57318 -0.0152256 1.50775 
0.99381 0.780129 0.00385501 0.366097 1.57338 -0.0152813 1.50738 
0.995869 0.780178 0.00344199 0.365952 1.57358 -0.0153467 1.50705 
0.998051 0.780225 0.00301915 0.365814 1.57376 -0.0154167 1.50669 
1.00032 0.780297 0.00239818 0.365605 1.57406 -0.0155185 1.50618 
1.00282 0.780346 0.00198251 0.365463 1.57426 -0.0155806 1.50583 
1.00487 0.780398 0.00155022 0.36531 1.57448 -0.0156367 1.50546 
1.00697 0.780449 0.00114663 0.365168 1.57469 -0.0156987 1.50513 
1.00917 0.780524 0.000525604 0.364959 1.57499 -0.0157978 1.50461 
1.01144 0.780571 0.000109792 0.364827 1.57518 -0.0158673 1.50426 
1.01387 0.780616 -0.000319264 0.364705 1.57536 -0.0159656 1.5039 
1.01592 0.780661 -0.000726884 0.364574 1.57555 -0.0160347 1.50355 
1.01805 0.780704 -0.00115437 0.364444 1.57573 -0.0161031 1.50317 
1.02033 0.780769 -0.00180148 0.364239 1.57602 -0.0161868 1.50261 
1.02246 0.780812 -0.00221283 0.364098 1.57621 -0.0162427 1.50227 
1.02487 0.780855 -0.00263595 0.36396 1.5764 -0.0163119 1.50191 
1.02697 0.780897 -0.0030307 0.36383 1.57657 -0.0164122 1.50163 
1.02919 0.780964 -0.00365889 0.363621 1.57685 -0.0165163 1.50113 
1.03177 0.781009 -0.0040604 0.363478 1.57705 -0.0165494 1.50081 
1.03383 0.781055 -0.00447436 0.363336 1.57725 -0.016603 1.50048 
1.03582 0.781101 -0.00487054 0.363191 1.57744 -0.0166348 1.50017 
1.03798 0.781146 -0.00529117 0.363049 1.57767 -0.0165677 1.49975 
1.04026 0.781216 -0.00590169 0.36285 1.57795 -0.0166261 1.49928 
1.04244 0.781262 -0.00630772 0.362719 1.57814 -0.0166744 1.49896 
1.04488 0.781309 -0.00669497 0.362586 1.57834 -0.0167274 1.49867 
1.04693 0.781354 -0.00711553 0.362457 1.57853 -0.0167599 1.49832 
1.04915 0.781421 -0.00770885 0.362259 1.57881 -0.0168102 1.49786 
1.05148 0.781463 -0.00811813 0.36214 1.57898 -0.0168464 1.49753 
1.0538 0.781503 -0.00850794 0.362029 1.57913 -0.0169101 1.49724 
1.05587 0.781545 -0.00892273 0.361914 1.5793 -0.0169544 1.49691 
1.05801 0.781584 -0.00931262 0.361803 1.57945 -0.01701 1.49662 
1.06028 0.781647 -0.00990171 0.361628 1.5797 -0.0170711 1.49617 
1.06279 0.781691 -0.0102855 0.361506 1.57988 -0.0171419 1.49589 
1.06492 0.781739 -0.0106956 0.361366 1.58008 -0.0171981 1.49558 
1.06719 0.781787 -0.0113088 0.361198 1.58028 -0.0173044 1.49511 
1.06945 0.781835 -0.011681 0.361059 1.58049 -0.0173692 1.49485 
1.07184 0.781882 -0.0120743 0.36092 1.58069 -0.0174223 1.49455 
1.07386 0.781934 -0.0124548 0.360773 1.58091 -0.0174797 1.49428 
1.07609 0.781983 -0.0128469 0.360632 1.58112 -0.0175172 1.49399 
1.07845 0.782059 -0.0133984 0.360407 1.58146 -0.0175875 1.4936 
1.08049 0.782105 -0.0137911 0.36026 1.58167 -0.017621 1.49331 
1.08284 0.782151 -0.0141778 0.360114 1.58187 -0.0176782 1.49303 
1.08494 0.782195 -0.014577 0.359965 1.58208 -0.0177085 1.49273 
1.08714 0.78226 -0.0151345 0.359758 1.58237 -0.0177543 1.49233 
1.08944 0.782306 -0.0155192 0.359617 1.58257 -0.0177958 1.49206 
1.09183 0.782352 -0.0158999 0.359484 1.58276 -0.0178384 1.4918 
1.09392 0.782397 -0.0163254 0.35935 1.58295 -0.0178949 1.49149 
1.09604 0.782444 -0.0166946 0.359213 1.58315 -0.0180195 1.49125 
1.09826 0.782516 -0.0172686 0.358997 1.58346 -0.0180476 1.49086 
1.10048 0.782565 -0.0176665 0.358852 1.58368 -0.0180595 1.49057 
1.10291 0.782618 -0.0180322 0.358699 1.58391 -0.0180851 1.49034 
1.10499 0.782668 -0.0184114 0.358555 1.58412 -0.0180932 1.49008 
1.10714 0.78274 -0.0189579 0.358347 1.58443 -0.0181191 1.48973 
1.10945 0.782793 -0.0191246 0.358205 1.58464 -0.0181187 1.48974 
1.11178 0.782838 -0.0195054 0.358057 1.58486 -0.0181044 1.48947 
1.11388 0.782883 -0.0198949 0.357913 1.58506 -0.0180875 1.48919 
1.11603 0.782933 -0.0202594 0.357753 1.5853 -0.0180613 1.48895 
1.1183 0.783009 -0.0208314 0.357511 1.58565 -0.0180656 1.48857 
1.12046 0.78306 -0.0211983 0.35735 1.58589 -0.0180642 1.48834 
1.12285 0.783114 -0.0215697 0.357174 1.58615 -0.0180674 1.4881 
1.12496 0.783167 -0.0219272 0.357003 1.5864 -0.018069 1.48788 
1.12717 0.78325 -0.0224933 0.356735 1.58679 -0.0181138 1.48753 
1.12945 0.783301 -0.0228788 0.356578 1.58702 -0.0181548 1.48729 
1.13186 0.783353 -0.0232386 0.356421 1.58726 -0.0181855 1.48707 
1.13385 0.7834 -0.0236162 0.356271 1.58748 -0.0182073 1.48682 
1.13604 0.783448 -0.023982 0.356115 1.5877 -0.0182375 1.48658 
1.1383 0.783517 -0.0245553 0.355879 1.58804 -0.018286 1.4862 
1.14053 0.783565 -0.0249189 0.355719 1.58828 -0.0183106 1.48597 
1.14294 0.783617 -0.0252933 0.35556 1.58852 -0.0183553 1.48574 
1.14491 0.783667 -0.0256606 0.355399 1.58876 -0.0183907 1.4855 
1.14716 0.783745 -0.0262212 0.355157 1.58912 -0.0184437 1.48516 
1.14977 0.7838 -0.0265702 0.354987 1.58937 -0.0184698 1.48497 
1.15191 0.783858 -0.02693 0.354806 1.58964 -0.018518 1.48477 
1.1539 0.783913 -0.0272846 0.354628 1.58991 -0.0185491 1.48458 
1.15609 0.783967 -0.0276647 0.354444 1.59017 -0.0185799 1.48435 
1.15839 0.784041 -0.0282211 0.354179 1.59055 -0.0185768 1.484 
1.16051 0.784091 -0.02858 0.353989 1.59082 -0.0185632 1.48378 
1.16285 0.784143 -0.0289578 0.353804 1.59109 -0.0185496 1.48355 
1.16497 0.784195 -0.0293187 0.353624 1.59135 -0.0185244 1.48333 
1.16722 0.784274 -0.0298607 0.353365 1.59169 -0.0184899 1.483 
1.16947 0.784321 -0.0302192 0.353268 1.59173 -0.0184716 1.48276 
1.17176 0.784377 -0.030599 0.353109 1.59189 -0.0184601 1.48251 
1.17391 0.784432 -0.0309598 0.352939 1.5921 -0.0184614 1.4823 
1.17605 0.784485 -0.0313255 0.352768 1.59231 -0.0184931 1.4821 
1.17843 0.78456 -0.0318622 0.352524 1.59261 -0.0185222 1.48181 
1.18081 0.784608 -0.0322222 0.352364 1.59281 -0.0185307 1.48159 
1.18287 0.784654 -0.0325975 0.352208 1.593 -0.0185606 1.48137 
1.18494 0.784705 -0.0329447 0.35204 1.59323 -0.0185695 1.48117 
1.18715 0.784782 -0.0334826 0.351772 1.59358 -0.0185923 1.48087 
1.18947 0.784837 -0.0338366 0.35159 1.59382 -0.0186278 1.48068 
1.19188 0.784891 -0.0342129 0.351399 1.59407 -0.0186346 1.48044 
1.19386 0.784949 -0.0345562 0.351214 1.59433 -0.0186561 1.48026 
1.19608 0.785003 -0.0349137 0.351027 1.59457 -0.0186949 1.48006 
1.19832 0.785085 -0.0354301 0.350748 1.59493 -0.0187726 1.47981 
1.2005 0.785136 -0.0358036 0.350557 1.59516 -0.0187981 1.47959 
1.20292 0.785182 -0.0361552 0.350388 1.59536 -0.0188324 1.4794 
1.20512 0.785231 -0.0365213 0.350216 1.59558 -0.0188594 1.47919 
1.20717 0.785303 -0.0370946 0.349953 1.59594 -0.0187211 1.47875 
1.20974 0.785354 -0.037451 0.349777 1.59616 -0.0187048 1.47855 
1.21184 0.785405 -0.0378141 0.349598 1.59639 -0.0186927 1.47835 
1.21385 0.78546 -0.038152 0.349419 1.59662 -0.0186709 1.47819 
1.21603 0.785513 -0.0385139 0.349234 1.59687 -0.0186541 1.47799 
1.2183 0.785591 -0.0390436 0.348965 1.59722 -0.0186587 1.47772 
1.2205 0.785641 -0.0394098 0.348778 1.59747 -0.0186582 1.47752 
1.22287 0.785688 -0.0397542 0.348601 1.59768 -0.0186697 1.47735 
1.22496 0.785738 -0.0401195 0.34841 1.59792 -0.0186829 1.47715 
1.22685 0.785819 -0.0406401 0.348112 1.5983 -0.018707 1.47691 
1.22951 0.78587 -0.0409972 0.347913 1.59856 -0.0187197 1.47673 
1.23178 0.785927 -0.0413339 0.347703 1.59882 -0.0187428 1.47657 
1.23391 0.785982 -0.041696 0.3475 1.59909 -0.0187488 1.47637 
1.23605 0.786066 -0.0422406 0.347204 1.59948 -0.0188164 1.47609 
1.23848 0.786117 -0.0425825 0.347023 1.59971 -0.0188769 1.47593 
1.24085 0.786164 -0.0429426 0.346843 1.59993 -0.0189142 1.47574 
1.24284 0.786212 -0.0432858 0.346662 1.60016 -0.0189621 1.47557 
1.24495 0.786258 -0.0436561 0.34648 1.60039 -0.0190113 1.47537 
1.24723 0.786335 -0.0441649 0.346209 1.60073 -0.0191024 1.47516 
1.24948 0.786386 -0.0445219 0.34603 1.60096 -0.0191172 1.47499 
1.25187 0.786441 -0.0448611 0.345843 1.60121 -0.019158 1.47485 
1.25397 0.786494 -0.0452284 0.345644 1.60147 -0.0191588 1.47466 
1.25613 0.786576 -0.0457504 0.345338 1.60187 -0.0191704 1.47443 
1.25843 0.786598 -0.046107 0.34518 1.602 -0.0192077 1.47424 
1.26056 0.78665 -0.0464636 0.344975 1.60227 -0.0193205 1.47405 
1.26285 0.786698 -0.046818 0.344769 1.60253 -0.0191822 1.47388 
1.26499 0.786748 -0.0471807 0.344562 1.6028 -0.0192983 1.47369 
1.26723 0.78683 -0.0476863 0.344254 1.60318 -0.0192886 1.47349 
1.2698 0.786884 -0.0480427 0.344049 1.60344 -0.0192911 1.47333 
1.27185 0.786938 -0.0483887 0.343851 1.60368 -0.0193087 1.47318 
1.27393 0.786992 -0.0487426 0.343643 1.60394 -0.01931 1.47303 
1.27607 0.787045 -0.0491035 0.343445 1.6042 -0.0193532 1.47287 
1.27843 0.787122 -0.0495966 0.343154 1.60456 -0.0194147 1.47268 
1.2808 0.787169 -0.0499562 0.342964 1.6048 -0.0194392 1.47249 
1.28284 0.787219 -0.050354 0.342752 1.60507 -0.0194764 1.47228 
1.28501 0.787271 -0.0507089 0.342542 1.60534 -0.0195134 1.47211 
1.28728 0.787356 -0.0512091 0.342206 1.6058 -0.0195687 1.47192 
1.28948 0.787428 -0.0513404 0.341986 1.60608 -0.019625 1.47205 
1.29182 0.787488 -0.0516785 0.341754 1.60638 -0.0196613 1.47192 
1.29392 0.787542 -0.05203 0.341537 1.60665 -0.0197071 1.47178 
1.29609 0.787597 -0.0523625 0.341318 1.60692 -0.0197653 1.47167 
1.29835 0.787671 -0.0529082 0.34101 1.6073 -0.0198228 1.47142 
1.30087 0.78772 -0.0532613 0.340815 1.60754 -0.0198413 1.47125 
1.30287 0.787774 -0.0536172 0.340605 1.60781 -0.0198597 1.47111 
1.30504 0.787827 -0.0539527 0.340399 1.60808 -0.0198755 1.47098 
1.30732 0.787911 -0.0544855 0.340071 1.60852 -0.0198788 1.47076 
1.30948 0.787963 -0.054852 0.339862 1.60879 -0.019892 1.47061 
1.31186 0.788019 -0.0551888 0.339645 1.60906 -0.019937 1.47051 
1.31391 0.788067 -0.0555501 0.339435 1.60931 -0.0199783 1.47036 
1.31622 0.788118 -0.0559013 0.339213 1.60958 -0.0200186 1.47022 
1.31837 0.788199 -0.056445 0.338867 1.61003 -0.0200518 1.46998 
1.32054 0.788258 -0.0567797 0.338635 1.61033 -0.0200993 1.46987 
1.32285 0.788315 -0.0571316 0.338402 1.61062 -0.0201431 1.46973 
1.32501 0.788373 -0.057479 0.338181 1.61091 -0.0201699 1.46958 
1.32728 0.78845 -0.058025 0.337873 1.6113 -0.0202484 1.46935 
1.32981 0.788499 -0.0583692 0.337676 1.61154 -0.0203247 1.46923 
1.33188 0.788546 -0.0587282 0.337473 1.61178 -0.0204095 1.4691 
1.3339 0.788598 -0.0590766 0.337268 1.61204 -0.0204908 1.46897 
1.33604 0.788648 -0.0594402 0.337056 1.6123 -0.020579 1.46884 
1.33829 0.78873 -0.0599584 0.336747 1.61269 -0.0207022 1.46867 
1.34048 0.788785 -0.0602985 0.336537 1.61297 -0.0207508 1.46856 
1.34287 0.788838 -0.0606685 0.336317 1.61325 -0.0208038 1.46841 
1.34502 0.788888 -0.061024 0.336107 1.6135 -0.0208331 1.46827 
1.34726 0.788963 -0.0615525 0.335784 1.6139 -0.0208947 1.46808 
1.34949 0.789017 -0.0618886 0.335567 1.61417 -0.0209275 1.46798 
1.35185 0.789068 -0.0622527 0.335352 1.61444 -0.0209705 1.46785 
1.35392 0.789124 -0.0625917 0.335136 1.61472 -0.0210176 1.46775 
1.35611 0.789173 -0.062946 0.334991 1.6149 -0.0210979 1.46764 
1.35833 0.789251 -0.0634782 0.334679 1.61529 -0.0211578 1.46744 
1.36077 0.789297 -0.0638259 0.334486 1.61551 -0.0212318 1.46734 
1.36285 0.789344 -0.0641706 0.334301 1.61572 -0.0213048 1.46723 
1.36528 0.789388 -0.0645271 0.334114 1.61594 -0.0213561 1.4671 
1.36727 0.789464 -0.0650448 0.333819 1.61629 -0.0214712 1.46693 
1.36946 0.789518 -0.0653895 0.333616 1.61654 -0.0215736 1.46683 
1.37185 0.78957 -0.0657417 0.333424 1.61677 -0.0217006 1.46673 
1.37392 0.789626 -0.0660746 0.333219 1.61702 -0.0217957 1.46664 
1.37612 0.789692 -0.0666314 0.332909 1.61743 -0.0217384 1.46629 
1.37854 0.789739 -0.0669756 0.332707 1.61765 -0.0218363 1.46619 
1.38061 0.789785 -0.0673265 0.332516 1.61786 -0.0219074 1.46607 
1.38291 0.789837 -0.0676515 0.332315 1.61809 -0.0219779 1.46598 
1.38498 0.789884 -0.0680039 0.332117 1.61832 -0.0220083 1.46584 
1.38729 0.789963 -0.0685161 0.331804 1.61869 -0.0220931 1.46569 
1.38976 0.79001 -0.0688666 0.331612 1.61889 -0.0221583 1.46558 
1.39185 0.790056 -0.0692134 0.331423 1.61911 -0.0222069 1.46547 
1.39388 0.790099 -0.069543 0.331249 1.61929 -0.022286 1.46539 
1.39609 0.790144 -0.0698819 0.331067 1.61949 -0.0223447 1.4653 
1.39838 0.790214 -0.0703963 0.330786 1.6198 -0.0224218 1.46515 
1.40079 0.790262 -0.070746 0.3306 1.62002 -0.0224556 1.46504 
1.40289 0.790315 -0.071077 0.330405 1.62024 -0.0225269 1.46496 
1.40504 0.79036 -0.0714421 0.330223 1.62045 -0.0226016 1.46482 
1.40733 0.79043 -0.0719466 0.329952 1.62074 -0.0227524 1.46469 
1.40948 0.79047 -0.0722968 0.329782 1.6209 -0.0228278 1.46457 
1.41182 0.790514 -0.072628 0.329607 1.62107 -0.0229424 1.4645 
1.4139 0.790556 -0.0729899 0.329427 1.62126 -0.0230344 1.46437 
1.41606 0.790605 -0.0733245 0.329236 1.62146 -0.0231164 1.46428 
1.41836 0.790676 -0.0738419 0.328948 1.62177 -0.0232409 1.46411 
1.4208 0.790723 -0.0741801 0.328751 1.62198 -0.023304 1.46401 
1.42285 0.790766 -0.0745429 0.328564 1.62217 -0.023389 1.46388 
1.42495 0.790806 -0.0748817 0.328382 1.62235 -0.0235825 1.46377 
1.42722 0.79087 -0.0753881 0.328115 1.62261 -0.0237287 1.46365 
1.42954 0.790915 -0.0757234 0.327935 1.62279 -0.0237887 1.46357 
1.4319 0.790966 -0.0760773 0.327741 1.62301 -0.0238421 1.46348 
1.43391 0.791016 -0.0764102 0.32755 1.62323 -0.0238857 1.46341 
1.4361 0.791061 -0.0767581 0.327361 1.62344 -0.0239314 1.46332 
1.43837 0.791125 -0.0772677 0.327097 1.62372 -0.0240241 1.46318 
1.44062 0.79116 -0.0776325 0.326932 1.62389 -0.0240881 1.46305 
1.44288 0.791201 -0.0779606 0.326771 1.62404 -0.0241968 1.463 
1.44503 0.791241 -0.0783069 0.326612 1.62419 -0.0242895 1.46291 
1.44727 0.79127 -0.0788581 0.32641 1.62431 -0.0244504 1.4627 
1.44976 0.791315 -0.079197 0.326228 1.6245 -0.0245419 1.46261 
1.4519 0.791362 -0.0795412 0.32603 1.62472 -0.024637 1.46253 
1.45395 0.79141 -0.0798682 0.325845 1.62491 -0.0247379 1.46245 
1.45561 0.791449 -0.0802198 0.325668 1.62507 -0.0248819 1.46235 
1.45862 0.79151 -0.0807263 0.325406 1.62531 -0.0250731 1.46223 
1.46087 0.791552 -0.0810752 0.325219 1.62549 -0.0251692 1.46214 
1.46289 0.791601 -0.081398 0.325028 1.62568 -0.0252905 1.4621 
1.46505 0.79164 -0.0817865 0.324843 1.62588 -0.0253622 1.46197 
1.46735 0.791708 -0.0822991 0.324574 1.62616 -0.0254583 1.46185 
1.46948 0.791749 -0.0826254 0.324406 1.62632 -0.0254971 1.46178 
1.47186 0.791789 -0.0829613 0.324243 1.62646 -0.0255736 1.46172 
1.47397 0.791831 -0.0832897 0.32406 1.62669 -0.0256123 1.46166 
1.47615 0.791872 -0.0836354 0.323899 1.62684 -0.0256871 1.46158 
1.47848 0.791968 -0.0838802 0.323646 1.62711 -0.0258116 1.46183 
1.48086 0.792013 -0.0842163 0.323477 1.62729 -0.0258909 1.46177 
1.48287 0.792062 -0.084535 0.323305 1.62747 -0.0259762 1.46174 
1.48501 0.792101 -0.0848812 0.323143 1.62763 -0.0260603 1.46166 
1.48729 0.792166 -0.0853528 0.322888 1.62787 -0.0262064 1.46159 
1.48949 0.792207 -0.0856864 0.322718 1.62803 -0.0262812 1.46151 
1.49187 0.792255 -0.0860049 0.322531 1.62823 -0.026398 1.46148 
1.49395 0.792298 -0.0863519 0.322349 1.62841 -0.026501 1.4614 
1.49616 0.792349 -0.0866647 0.322161 1.6286 -0.0266065 1.46138 
1.49839 0.792418 -0.0871492 0.321882 1.62887 -0.0267349 1.46133 
1.50062 0.792457 -0.0874922 0.321707 1.62903 -0.0267936 1.46125 
1.50291 0.792498 -0.0878215 0.321523 1.6292 -0.0268444 1.46118 
1.50502 0.792544 -0.0881637 0.321327 1.62941 -0.0269147 1.46111 
1.50741 0.792619 -0.0886352 0.321045 1.6297 -0.026996 1.46106 
1.5098 0.792665 -0.088981 0.320868 1.62987 -0.0270628 1.461 
1.51186 0.792709 -0.0893112 0.320702 1.63002 -0.0271439 1.46095 
1.51394 0.792752 -0.0896441 0.320536 1.63016 -0.0272443 1.46092 
1.51612 0.792815 -0.0901378 0.320276 1.63042 -0.0273551 1.46083 
1.51843 0.792858 -0.0904657 0.3201 1.6306 -0.0274503 1.46078 
1.52081 0.792903 -0.0908106 0.319918 1.63079 -0.0275515 1.46071 
1.52298 0.792952 -0.0911253 0.319743 1.63096 -0.0277025 1.46071 
1.52514 0.792998 -0.0914638 0.319564 1.63114 -0.0278137 1.46064 
1.5274 0.79306 -0.0919596 0.319316 1.63136 -0.0280391 1.46059 
1.52954 0.793103 -0.0923026 0.319129 1.63154 -0.0281568 1.46054 
1.53195 0.793147 -0.0926225 0.318955 1.63171 -0.0282517 1.46049 
1.53401 0.793197 -0.0929553 0.31875 1.63192 -0.0283258 1.46043 
1.53614 0.793264 -0.093475 0.318468 1.63219 -0.0284537 1.46032 
1.53843 0.793306 -0.0938416 0.318259 1.63247 -0.0282621 1.46006 
1.54089 0.793345 -0.0941879 0.318079 1.63262 -0.0283539 1.46 
1.54286 0.793386 -0.0945145 0.317944 1.63272 -0.0284319 1.45997 
1.54504 0.793426 -0.0948652 0.317757 1.63288 -0.0285293 1.45991 
1.5473 0.793497 -0.0953485 0.317477 1.63314 -0.0286567 1.45987 
1.54948 0.793543 -0.0956843 0.317296 1.63332 -0.0287498 1.45982 
1.55189 0.793591 -0.0960069 0.31711 1.63351 -0.028841 1.4598 
1.55402 0.793628 -0.0963683 0.316937 1.63368 -0.028944 1.45971 
1.55618 0.793689 -0.0968811 0.316663 1.63393 -0.0291251 1.45963 
1.55848 0.793735 -0.0972017 0.316474 1.63412 -0.029234 1.45961 
1.56066 0.793778 -0.0975414 0.316294 1.63428 -0.0293843 1.45957 
1.56288 0.793826 -0.0978699 0.316107 1.63448 -0.029516 1.45954 
1.56505 0.793866 -0.0982127 0.315933 1.63463 -0.0296536 1.45948 
1.56737 0.793929 -0.0986998 0.315676 1.63486 -0.029831 1.45943 
1.56979 0.793965 -0.0990537 0.315502 1.63501 -0.0299309 1.45935 
1.57188 0.79401 -0.0993866 0.315312 1.63519 -0.0300067 1.45931 
1.57399 0.794054 -0.0997211 0.315115 1.63538 -0.0301175 1.45928 
1.57617 0.794106 -0.100028 0.314905 1.63558 -0.0302211 1.4593 
1.57846 0.794169 -0.100531 0.314616 1.63584 -0.0303448 1.45923 
1.58083 0.79421 -0.100857 0.314421 1.63602 -0.030419 1.45921 
1.58289 0.794247 -0.1012 0.314236 1.63617 -0.0304934 1.45915 
1.58509 0.794292 -0.101517 0.314036 1.63637 -0.0305803 1.45914 
1.58736 0.794357 -0.102027 0.313731 1.63667 -0.0306991 1.45905 
1.5895 0.794399 -0.102361 0.313536 1.63685 -0.030819 1.45902 
1.59192 0.794444 -0.102673 0.313348 1.63701 -0.0309504 1.45901 
1.59403 0.794481 -0.103003 0.313171 1.63715 -0.0312453 1.45897 
1.59618 0.794543 -0.103498 0.312894 1.6374 -0.0314287 1.45891 
1.59848 0.794583 -0.103842 0.312707 1.63756 -0.031541 1.45885 
1.60091 0.794632 -0.104157 0.312515 1.63774 -0.0316423 1.45883 
1.60295 0.794672 -0.104488 0.31233 1.63789 -0.0317445 1.4588 
1.60509 0.794713 -0.104813 0.312156 1.63803 -0.031839 1.45876 
1.60734 0.79477 -0.105309 0.311894 1.63822 -0.0320017 1.45872 
1.60957 0.79481 -0.105627 0.31171 1.63837 -0.0321009 1.45871 
1.61189 0.794849 -0.10597 0.311511 1.63855 -0.0321461 1.45864 
1.614 0.794895 -0.106298 0.311302 1.63876 -0.0322171 1.45862 
1.61619 0.794957 -0.106804 0.311004 1.63903 -0.0323017 1.45854 
1.61851 0.794993 -0.107138 0.310817 1.63918 -0.0323967 1.45851 
1.6208 0.795034 -0.10746 0.310622 1.63935 -0.0325304 1.45849 
1.6229 0.795078 -0.107802 0.310407 1.63955 -0.0326692 1.45846 
1.62507 0.795123 -0.108126 0.310191 1.63976 -0.0327982 1.45844 
1.6274 0.795186 -0.108627 0.309889 1.64003 -0.0329916 1.45839 
1.62989 0.79522 -0.108961 0.309708 1.64018 -0.0331353 1.45835 
1.63188 0.795252 -0.109317 0.30953 1.64032 -0.0332511 1.45827 
1.63398 0.79525 -0.109668 0.309415 1.6403 -0.0334238 1.45819 
1.63613 0.795287 -0.110005 0.309227 1.64045 -0.0333929 1.45817 
1.6384 0.795351 -0.110508 0.308929 1.64073 -0.0337451 1.45812 
1.64083 0.795394 -0.110839 0.308729 1.64092 -0.0338436 1.4581 
1.64317 0.795424 -0.11122 0.308542 1.64108 -0.0339257 1.45801 
1.64547 0.795481 -0.111702 0.308269 1.64131 -0.0340736 1.458 
1.64781 0.795516 -0.112053 0.308079 1.64147 -0.034162 1.45794 
1.64993 0.79556 -0.112363 0.30787 1.64171 -0.0343065 1.45799 
1.65205 0.795599 -0.112696 0.307669 1.64189 -0.0344198 1.45796 
1.65436 0.79566 -0.113178 0.307376 1.64212 -0.0346139 1.45794 
1.65687 0.795691 -0.113536 0.307186 1.64226 -0.0347208 1.45786 
1.65893 0.795767 -0.113615 0.306984 1.64241 -0.0348727 1.45816 
1.66096 0.795807 -0.113949 0.306781 1.64257 -0.0350159 1.45812 
1.66316 0.795877 -0.114417 0.306463 1.64283 -0.0352059 1.45812 
1.66548 0.795913 -0.114761 0.306275 1.64295 -0.0353593 1.45808 
1.66787 0.795952 -0.11508 0.306086 1.64309 -0.0354434 1.45807 
1.6699 0.795986 -0.115413 0.305909 1.6432 -0.0355503 1.45805 
1.6723 0.796029 -0.115724 0.305722 1.64334 -0.0356051 1.45805 
1.6744 0.796092 -0.11622 0.305431 1.64357 -0.0357422 1.45801 
1.67662 0.796131 -0.116549 0.305243 1.6437 -0.0358293 1.45799 
1.67895 0.796174 -0.116849 0.305062 1.64381 -0.035962 1.45802 
1.68096 0.796211 -0.117169 0.304888 1.64392 -0.0360502 1.458 
1.68317 0.79626 -0.117445 0.304743 1.64386 -0.0362851 1.45821 
1.68552 0.796316 -0.117955 0.304443 1.64425 -0.0363742 1.458 
1.6879 0.796361 -0.118259 0.304253 1.6444 -0.0364899 1.458 
1.68994 0.796397 -0.118581 0.304069 1.64453 -0.0366425 1.45799 
1.69207 0.796434 -0.118904 0.303866 1.64469 -0.0368026 1.45797 
1.69436 0.796497 -0.119361 0.303563 1.64493 -0.0370145 1.45802 
1.69651 0.796542 -0.119654 0.303367 1.64508 -0.037119 1.45804 
1.69893 0.796588 -0.119962 0.303157 1.64525 -0.0372529 1.45808 
1.70099 0.796626 -0.120275 0.302964 1.64538 -0.037361 1.45808 
1.70323 0.796682 -0.120753 0.302664 1.6456 -0.0374666 1.45806 
1.7055 0.79672 -0.121063 0.302473 1.64571 -0.0375969 1.45807 
1.70784 0.796766 -0.121358 0.30228 1.64584 -0.0377061 1.45811 
1.70989 0.796799 -0.121721 0.302077 1.64604 -0.0375522 1.45788 
1.71209 0.796841 -0.122021 0.301897 1.64615 -0.0376614 1.45789 
1.71435 0.796894 -0.122488 0.301632 1.64629 -0.0378587 1.45787 
1.71653 0.796935 -0.122791 0.30145 1.6464 -0.0380081 1.45788 
1.71889 0.796971 -0.12312 0.301274 1.6465 -0.0381458 1.45785 
1.72096 0.797018 -0.123412 0.301088 1.64663 -0.0383023 1.45788 
1.72319 0.797076 -0.123861 0.300837 1.64675 -0.0385318 1.45792 
1.72547 0.797114 -0.124157 0.300676 1.64681 -0.0386887 1.45795 
1.72791 0.797146 -0.124485 0.300501 1.64691 -0.038788 1.45792 
1.72996 0.797189 -0.124781 0.300311 1.64704 -0.0388841 1.45793 
1.73211 0.797228 -0.125086 0.300129 1.64715 -0.0390122 1.45796 
1.7344 0.797291 -0.125519 0.299845 1.64734 -0.039189 1.45803 
1.73695 0.797324 -0.125841 0.299664 1.64746 -0.0393209 1.45803 
1.73893 0.79736 -0.12613 0.299538 1.64749 -0.0394909 1.45808 
1.74097 0.797401 -0.12643 0.29935 1.64762 -0.0396138 1.45809 
1.74322 0.797462 -0.126865 0.299067 1.64781 -0.0398117 1.45815 
1.74548 0.797502 -0.12716 0.298883 1.64792 -0.039933 1.45817 
1.74791 0.797535 -0.127464 0.298711 1.64798 -0.0401074 1.45819 
1.74989 0.797574 -0.127742 0.298532 1.64807 -0.0402609 1.45824 
1.75222 0.797611 -0.128034 0.298367 1.64814 -0.0404173 1.45828 
1.75434 0.797675 -0.128461 0.298104 1.64828 -0.0405492 1.45834 
1.75649 0.797714 -0.128753 0.297937 1.64835 -0.0406589 1.45837 
1.75888 0.797755 -0.129026 0.297777 1.64842 -0.0407419 1.45841 
1.76104 0.79779 -0.129316 0.297617 1.64847 -0.0408579 1.45845 
1.76315 0.797832 -0.129598 0.297445 1.64855 -0.0409777 1.45849 
1.76547 0.79789 -0.130036 0.297191 1.64864 -0.0411642 1.45855 
1.76767 0.797933 -0.130317 0.297012 1.64874 -0.0412916 1.4586 
1.76993 0.797972 -0.130588 0.296846 1.64881 -0.041381 1.45864 
1.77206 0.798011 -0.130863 0.296684 1.64888 -0.0415231 1.45868 
1.77434 0.798071 -0.131286 0.296428 1.649 -0.0419521 1.45873 
1.77658 0.798113 -0.131561 0.29625 1.64909 -0.0421509 1.4588 
1.77893 0.798161 -0.13182 0.296056 1.64921 -0.0422996 1.45888 
1.78101 0.798197 -0.13211 0.29587 1.64932 -0.0424329 1.4589 
1.78314 0.798255 -0.132521 0.295583 1.64949 -0.0426208 1.45897 
1.78545 0.798294 -0.132794 0.295394 1.64959 -0.0427559 1.45903 
1.78785 0.798343 -0.133042 0.295194 1.64972 -0.0428656 1.45911 
1.78991 0.798386 -0.133306 0.294991 1.64984 -0.0430281 1.4592 
1.7921 0.79843 -0.133569 0.294787 1.64997 -0.0431274 1.45928 
1.79437 0.798486 -0.133975 0.2945 1.65012 -0.0432889 1.45936 
1.79654 0.79853 -0.134241 0.29431 1.65024 -0.0434033 1.45942 
1.79891 0.798576 -0.134488 0.294121 1.65035 -0.0435489 1.45952 
1.80098 0.798623 -0.13475 0.293933 1.65046 -0.0437267 1.4596 
1.80318 0.798665 -0.135003 0.293748 1.65055 -0.0438616 1.45968 
1.80551 0.79873 -0.135373 0.293466 1.65069 -0.0440955 1.45981 
1.80796 0.798775 -0.135612 0.293282 1.65079 -0.0442172 1.4599 
1.80995 0.798823 -0.135864 0.293091 1.6509 -0.0443665 1.45999 
1.81206 0.798868 -0.136115 0.292914 1.65098 -0.0444726 1.46007 
1.81433 0.798941 -0.13648 0.292639 1.65115 -0.0446575 1.46024 
1.8165 0.798985 -0.136726 0.292462 1.65125 -0.0447608 1.46034 
1.81889 0.799032 -0.136953 0.292278 1.65134 -0.0448594 1.46047 
1.82094 0.79908 -0.137206 0.292085 1.65147 -0.0449577 1.46056 
1.82312 0.799126 -0.137446 0.291893 1.65158 -0.045084 1.46067 
1.82542 0.799186 -0.137838 0.291616 1.65171 -0.0452833 1.46077 
1.8278 0.799237 -0.13804 0.291427 1.65181 -0.0454169 1.46092 
1.82993 0.799224 -0.138365 0.291332 1.65168 -0.0455915 1.46088 
1.83207 0.799266 -0.138608 0.291118 1.6519 -0.0457797 1.461 
1.83438 0.799336 -0.138975 0.290817 1.65209 -0.0460448 1.46116 
1.83653 0.799378 -0.139226 0.290617 1.65222 -0.0461906 1.46124 
1.83892 0.799419 -0.139463 0.290433 1.6523 -0.046329 1.46135 
1.84095 0.799499 -0.139499 0.290247 1.65239 -0.0464604 1.46171 
1.84313 0.799538 -0.139759 0.290063 1.65247 -0.046586 1.4618 
1.84543 0.799604 -0.14013 0.289789 1.6526 -0.0467991 1.46195 
1.84784 0.799643 -0.140377 0.289611 1.65267 -0.0468935 1.46203 
1.84991 0.799681 -0.140632 0.289431 1.65275 -0.0470225 1.46211 
1.85204 0.79972 -0.140884 0.289255 1.65282 -0.0471306 1.46218 
1.85434 0.799785 -0.14126 0.288979 1.65295 -0.0474164 1.46232 
1.85654 0.799825 -0.141508 0.288802 1.65303 -0.0475906 1.46242 
1.85888 0.799869 -0.141737 0.288635 1.65309 -0.0477553 1.46253 
1.86098 0.799905 -0.141995 0.288463 1.65316 -0.0478863 1.46259 
1.86322 0.799941 -0.14225 0.288294 1.65321 -0.0480147 1.46267 
1.86546 0.800001 -0.142626 0.288015 1.65334 -0.0481875 1.46278 
1.86796 0.800042 -0.142856 0.287834 1.6534 -0.0483183 1.46291 
1.86989 0.80008 -0.143107 0.287651 1.65347 -0.0484277 1.46299 
1.87205 0.800115 -0.143349 0.287483 1.65352 -0.048515 1.46309 
1.87429 0.800172 -0.143723 0.287214 1.65366 -0.0486761 1.46321 
1.87659 0.80021 -0.143969 0.287025 1.65376 -0.0487803 1.4633 
1.87895 0.800253 -0.144195 0.286834 1.65386 -0.0489706 1.46343 
1.8811 0.800284 -0.14445 0.286648 1.65392 -0.0491275 1.4635 
1.88338 0.800334 -0.144818 0.286387 1.65399 -0.0494559 1.46366 
1.8856 0.800369 -0.145079 0.286202 1.65408 -0.0496605 1.46374 
1.88792 0.800405 -0.145328 0.286031 1.65415 -0.0498106 1.46382 
1.88998 0.800444 -0.145553 0.285864 1.65421 -0.0499668 1.46395 
1.89223 0.800494 -0.145926 0.285618 1.65429 -0.0501499 1.46408 
1.8948 0.800525 -0.146204 0.285422 1.65447 -0.0499463 1.46396 
1.89689 0.800558 -0.146449 0.285259 1.65452 -0.0500666 1.46407 
1.89893 0.8006 -0.146674 0.28509 1.65458 -0.0502087 1.46419 
1.90109 0.800637 -0.146905 0.284931 1.65462 -0.050326 1.46429 
1.90338 0.800684 -0.147284 0.284701 1.65465 -0.0505709 1.46441 
1.90552 0.800714 -0.14753 0.284556 1.65466 -0.0507142 1.46449 
1.90795 0.800755 -0.147748 0.284408 1.65466 -0.0509134 1.46463 
1.91039 0.800812 -0.14809 0.284163 1.65472 -0.0511925 1.46479 
1.91265 0.800852 -0.148317 0.283996 1.65478 -0.0513542 1.4649 
1.91495 0.800882 -0.148567 0.283848 1.65479 -0.0514763 1.46498 
1.91703 0.800918 -0.148792 0.283687 1.65483 -0.051589 1.46508 
1.91929 0.800972 -0.149134 0.283441 1.65489 -0.0517775 1.46526 
1.92153 0.801008 -0.149362 0.283272 1.65495 -0.0518819 1.46537 
1.92389 0.801047 -0.149584 0.283098 1.65501 -0.0520292 1.4655 
1.92592 0.801077 -0.149824 0.282923 1.65506 -0.0521352 1.46559 
1.92822 0.801114 -0.150039 0.282744 1.65513 -0.0522542 1.46571 
1.93041 0.801168 -0.150367 0.282517 1.65518 -0.0524969 1.4659 
1.9326 0.801211 -0.150581 0.28232 1.65528 -0.0526892 1.46603 
1.93494 0.801244 -0.150822 0.282137 1.65535 -0.0528468 1.46613 
1.93701 0.801278 -0.151051 0.281968 1.65539 -0.0529941 1.46623 
1.93927 0.801324 -0.151402 0.281718 1.65544 -0.0531744 1.46634 
1.94154 0.801363 -0.151616 0.281545 1.65548 -0.0533113 1.46647 
1.94381 0.801398 -0.151847 0.281367 1.65554 -0.0534447 1.46657 
1.94592 0.801437 -0.15207 0.281181 1.65559 -0.0535904 1.4667 
1.94812 0.801465 -0.152312 0.281002 1.65565 -0.0537131 1.46678 
1.95037 0.801515 -0.152659 0.28074 1.65573 -0.0541359 1.46691 
1.95281 0.801554 -0.152876 0.280556 1.6558 -0.0542989 1.46703 
1.95492 0.801586 -0.153121 0.280384 1.65585 -0.0544526 1.4671 
1.95703 0.801616 -0.153361 0.280215 1.6559 -0.0546291 1.46719 
1.95924 0.80166 -0.153718 0.279958 1.65596 -0.0549386 1.46733 
1.96153 0.801693 -0.15394 0.279772 1.65603 -0.0551282 1.46745 
1.9639 0.801723 -0.154175 0.279579 1.65613 -0.0552875 1.46754 
1.96592 0.80176 -0.154398 0.279364 1.65625 -0.0554604 1.46766 
1.96811 0.801788 -0.154648 0.279165 1.65635 -0.0556152 1.46774 
1.97035 0.801833 -0.154992 0.278874 1.65646 -0.0558271 1.46792 
1.97253 0.801858 -0.155234 0.27868 1.65654 -0.0559324 1.468 
1.97499 0.801891 -0.15546 0.27847 1.65663 -0.0560826 1.46811 
1.97705 0.801917 -0.155713 0.278264 1.65672 -0.0562123 1.46818 
1.9794 0.801959 -0.156086 0.27797 1.65681 -0.0564424 1.46828 
1.98155 0.801988 -0.156313 0.277784 1.65685 -0.0566156 1.46837 
1.98393 0.802012 -0.156553 0.277606 1.65688 -0.0568306 1.46846 
1.98591 0.80204 -0.156781 0.277414 1.65694 -0.0569978 1.46855 
1.98813 0.802069 -0.157032 0.277213 1.65701 -0.0571903 1.46863 
1.99042 0.802113 -0.157388 0.276932 1.65709 -0.0573803 1.46876 
1.99255 0.802133 -0.15764 0.276763 1.65711 -0.0574757 1.46881 
1.99491 0.802156 -0.157874 0.276595 1.6571 -0.0576433 1.46891 
1.99701 0.802179 -0.158124 0.276411 1.65715 -0.0577787 1.46898 
1.99919 0.802215 -0.158505 0.276115 1.65724 -0.0580238 1.46907 
2.0015 0.80224 -0.15874 0.27591 1.65735 -0.0581544 1.46916 
2.00403 0.802256 -0.159014 0.275714 1.6574 -0.0583422 1.46919 
2.00614 0.802275 -0.159255 0.275522 1.65745 -0.05854 1.46925 
2.00833 0.802311 -0.159628 0.275204 1.65759 -0.0588723 1.46937 
2.01054 0.802332 -0.159878 0.274994 1.65765 -0.059074 1.46944 
2.0129 0.802354 -0.16013 0.274777 1.65775 -0.0591994 1.4695 
2.01501 0.80237 -0.160386 0.274573 1.6578 -0.0593681 1.46955 
2.01719 0.802423 -0.160441 0.274386 1.65783 -0.0594954 1.46984 
2.01951 0.802447 -0.160806 0.274089 1.65798 -0.0597605 1.46999 
2.02192 0.802467 -0.161051 0.273899 1.65804 -0.0599051 1.47007 
2.024 0.802488 -0.161289 0.273705 1.65808 -0.0600933 1.47015 
2.02607 0.802467 -0.161574 0.273592 1.65795 -0.0602406 1.47011 
2.02837 0.802492 -0.161952 0.273304 1.65801 -0.0605185 1.47018 
2.03092 0.802504 -0.162204 0.273127 1.65802 -0.0607145 1.47022 
2.03291 0.802519 -0.162461 0.272943 1.65805 -0.0609233 1.47029 
2.03501 0.802537 -0.162697 0.272757 1.65808 -0.0610999 1.47036 
2.03721 0.802554 -0.162937 0.27256 1.65813 -0.061272 1.47044 
2.03946 0.802583 -0.163285 0.272252 1.65823 -0.061475 1.47055 
2.04191 0.802593 -0.16354 0.272061 1.65827 -0.0616273 1.47062 
2.04393 0.802602 -0.163791 0.271867 1.65831 -0.0617907 1.47067 
2.04611 0.802616 -0.164034 0.271664 1.65837 -0.0619854 1.47075 
2.04837 0.802638 -0.164397 0.271363 1.65844 -0.062275 1.47086 
2.05055 0.802658 -0.16462 0.271174 1.65847 -0.0624907 1.47097 
2.05295 0.802666 -0.164884 0.271002 1.65848 -0.0626577 1.47098 
2.05502 0.802679 -0.16512 0.270838 1.65846 -0.0628939 1.47107 
2.05741 0.802688 -0.16536 0.270675 1.65844 -0.0631055 1.47115 
2.05945 0.802714 -0.165691 0.270406 1.65845 -0.0633592 1.4713 
2.06168 0.802726 -0.165935 0.270234 1.65846 -0.0634847 1.47136 
2.06392 0.802741 -0.166173 0.270058 1.65846 -0.0636554 1.47144 
2.06611 0.802748 -0.166434 0.269894 1.65846 -0.0637711 1.47147 
2.06836 0.802759 -0.166821 0.269629 1.65855 -0.0636762 1.47136 
2.07053 0.80277 -0.167061 0.269452 1.65856 -0.0638215 1.47142 
2.07304 0.802783 -0.167285 0.269267 1.65856 -0.0640306 1.47151 
2.07499 0.802795 -0.167532 0.269067 1.65861 -0.0642445 1.47157 
2.07722 0.802806 -0.167773 0.268864 1.65866 -0.0644504 1.47163 
2.07949 0.802821 -0.168128 0.268572 1.6587 -0.0647288 1.47172 
2.08186 0.802825 -0.168367 0.268382 1.65871 -0.0648803 1.47177 
2.08393 0.802831 -0.168616 0.268192 1.65872 -0.065062 1.47182 
2.08603 0.802836 -0.168861 0.268001 1.65873 -0.0652502 1.47189 
2.08835 0.802846 -0.169242 0.267713 1.65877 -0.0655023 1.47195 
2.09088 0.802851 -0.169494 0.267531 1.6588 -0.0656336 1.47199 
2.09288 0.802859 -0.169726 0.267351 1.65881 -0.0658325 1.47206 
2.09502 0.802858 -0.169983 0.267178 1.6588 -0.0660489 1.4721 
2.09718 0.802863 -0.170227 0.267005 1.6588 -0.0662591 1.47216 
2.09951 0.802867 -0.170608 0.26675 1.65878 -0.0665655 1.47222 
2.10192 0.802876 -0.170843 0.266557 1.65881 -0.0667867 1.47229 
2.10398 0.802879 -0.171101 0.266385 1.65881 -0.0669442 1.47232 
2.10608 0.802884 -0.171339 0.266181 1.65884 -0.0671033 1.47239 
2.1084 0.802879 -0.171731 0.265898 1.65885 -0.0673209 1.47244 
2.11055 0.802875 -0.171987 0.265715 1.65885 -0.0674764 1.47249 
2.11299 0.802881 -0.17222 0.265514 1.65889 -0.0676283 1.47254 
2.11501 0.802886 -0.172455 0.265388 1.65883 -0.0678158 1.47262 
2.11719 0.80289 -0.172701 0.265174 1.65888 -0.068014 1.47266 
2.11952 0.802886 -0.173088 0.264877 1.65889 -0.0683565 1.47272 
2.1217 0.802884 -0.173337 0.264697 1.65886 -0.0688006 1.47273 
2.12397 0.802878 -0.173593 0.264534 1.65881 -0.069019 1.47276 
2.12615 0.802879 -0.173833 0.26436 1.65879 -0.0691996 1.4728 
2.12839 0.802877 -0.174202 0.264089 1.6588 -0.0694482 1.47289 
2.13055 0.802875 -0.174449 0.263916 1.65879 -0.069606 1.47294 
2.13294 0.802874 -0.174697 0.263739 1.65877 -0.0697891 1.47301 
2.13504 0.802872 -0.174928 0.263578 1.65873 -0.0699477 1.47307 
2.13723 0.802868 -0.175169 0.26341 1.6587 -0.0701138 1.47313 
2.13943 0.802858 -0.175535 0.263163 1.65864 -0.0703367 1.47319 
2.14184 0.802856 -0.175773 0.262981 1.65864 -0.0705493 1.47325 
2.14398 0.80285 -0.176021 0.262804 1.65861 -0.0707596 1.4733 
2.14611 0.802854 -0.176239 0.262606 1.65863 -0.0709324 1.47338 
2.14836 0.80285 -0.176578 0.26232 1.65863 -0.071151 1.47349 
2.1506 0.802849 -0.176798 0.262139 1.65861 -0.0712442 1.47355 
2.15303 0.802837 -0.177043 0.261971 1.65857 -0.0713882 1.47359 
2.15503 0.802829 -0.177275 0.261816 1.65851 -0.0714985 1.47364 
2.15721 0.802825 -0.1775 0.261655 1.65845 -0.0716479 1.47372 
2.15952 0.802821 -0.177826 0.261423 1.65836 -0.0718785 1.47383 
2.16193 0.802818 -0.178051 0.261254 1.65833 -0.0720723 1.4739 
2.16393 0.802814 -0.178277 0.261097 1.65827 -0.0722281 1.47395 
2.16611 0.802806 -0.178512 0.26094 1.65822 -0.0724173 1.47401 
2.16839 0.802795 -0.178842 0.260732 1.6581 -0.0726577 1.47412 
2.17054 0.80279 -0.179043 0.26058 1.65803 -0.0728287 1.47423 
2.17297 0.802786 -0.179258 0.260414 1.65801 -0.0729213 1.47431 
2.17505 0.802783 -0.179458 0.260241 1.65798 -0.073038 1.47441 
2.17723 0.802781 -0.179667 0.260061 1.65798 -0.0731228 1.47449 
2.17983 0.802771 -0.17999 0.259805 1.65792 -0.0733672 1.47461 
2.18167 0.802765 -0.180196 0.259629 1.65789 -0.0735393 1.47473 
2.18402 0.802755 -0.180403 0.259469 1.65783 -0.0736857 1.47481 
2.18608 0.802748 -0.1806 0.259317 1.65777 -0.073878 1.47491 
2.18835 0.802733 -0.180915 0.259087 1.65769 -0.0741031 1.47503 
2.19054 0.802716 -0.181155 0.258938 1.65761 -0.0742766 1.47509 
2.19291 0.802715 -0.181342 0.258783 1.65756 -0.0744026 1.47521 
2.19497 0.80271 -0.181524 0.258619 1.65756 -0.0745762 1.47538 
2.19717 0.802711 -0.181702 0.25848 1.65747 -0.0747188 1.47552 
2.19948 0.802703 -0.18199 0.258274 1.65733 -0.0749088 1.47566 
2.20194 0.802693 -0.182195 0.258138 1.65722 -0.0750546 1.47575 
2.20406 0.802682 -0.182394 0.257998 1.65712 -0.0752193 1.47584 
2.20634 0.802715 -0.182504 0.257774 1.65701 -0.0754925 1.47623 
2.20885 0.802712 -0.182685 0.257622 1.65693 -0.0756683 1.47636 
2.21084 0.802706 -0.182871 0.257479 1.65684 -0.0757676 1.47646 
2.21296 0.802706 -0.18304 0.257321 1.65678 -0.0758698 1.47658 
2.21514 0.802703 -0.183214 0.257179 1.65668 -0.0759705 1.47671 
2.21742 0.802671 -0.183498 0.257019 1.65641 -0.0761348 1.47686 
2.21984 0.80266 -0.183685 0.256898 1.65628 -0.0762215 1.47697 
2.22194 0.802653 -0.183854 0.256778 1.65616 -0.0763629 1.4771 
2.2241 0.802647 -0.184021 0.256668 1.65604 -0.0764703 1.47723 
2.22637 0.802641 -0.184268 0.256491 1.65587 -0.0767074 1.47744 
2.22862 0.802637 -0.184429 0.256375 1.65575 -0.0768434 1.47759 
2.23091 0.802631 -0.184609 0.256251 1.65565 -0.0770249 1.47773 
2.23339 0.802627 -0.184861 0.256059 1.65549 -0.077183 1.47793 
2.23586 0.802623 -0.185031 0.255948 1.65536 -0.077233 1.47805 
2.23792 0.802621 -0.18519 0.255829 1.65524 -0.0773169 1.47818 
2.24001 0.802616 -0.185346 0.255728 1.65504 -0.0775055 1.47836 
2.24219 0.802612 -0.185496 0.255614 1.65489 -0.0776411 1.4785 
2.24449 0.8026 -0.185746 0.255443 1.65468 -0.0778278 1.47869 
2.24704 0.802594 -0.185908 0.255318 1.65456 -0.0779844 1.47882 
2.24894 0.802586 -0.186078 0.2552 1.65443 -0.0780841 1.47893 
2.25112 0.802586 -0.18622 0.255069 1.65431 -0.0781818 1.4791 
2.25339 0.802582 -0.186443 0.254886 1.6541 -0.0783401 1.47934 
2.25552 0.802575 -0.186624 0.254755 1.65408 -0.0780679 1.47929 
2.25791 0.802572 -0.186776 0.254653 1.65394 -0.0781471 1.47943 
2.26 0.802567 -0.186919 0.25457 1.65376 -0.0782281 1.4796 
2.26219 0.802553 -0.187154 0.254441 1.65351 -0.0783878 1.47983 
2.26483 0.80255 -0.187285 0.254355 1.65334 -0.0785582 1.48002 
2.26691 0.802554 -0.187398 0.254255 1.65319 -0.0787007 1.48024 
2.2689 0.802553 -0.187531 0.254162 1.65305 -0.0787957 1.48042 
2.27108 0.802558 -0.187645 0.254074 1.65289 -0.0789084 1.48063 
2.27333 0.80256 -0.187845 0.253936 1.65264 -0.0790821 1.4809 
2.27557 0.802562 -0.187976 0.253861 1.65244 -0.0791411 1.48108 
2.27798 0.802561 -0.188116 0.25378 1.65225 -0.0792584 1.48126 
2.28021 0.802559 -0.188245 0.253707 1.65205 -0.0793439 1.48143 
2.2824 0.802556 -0.188431 0.253592 1.65175 -0.0795504 1.4817 
2.28457 0.802552 -0.188561 0.253513 1.65155 -0.0796031 1.48186 
2.28693 0.802555 -0.188669 0.253424 1.65136 -0.0797365 1.48208 
2.289 0.802556 -0.188787 0.253342 1.65116 -0.0798399 1.48226 
2.29121 0.802558 -0.188958 0.253215 1.65087 -0.0799648 1.48256 
2.29383 0.802556 -0.189089 0.253124 1.65069 -0.0800087 1.48271 
2.29597 0.802562 -0.189197 0.253037 1.65051 -0.080078 1.48292 
2.29802 0.802565 -0.189307 0.252956 1.65032 -0.0801741 1.48311 
2.30012 0.802575 -0.189391 0.252923 1.65006 -0.0805624 1.48334 
2.30244 0.802583 -0.189528 0.252811 1.64976 -0.080714 1.48369 
2.30485 0.802587 -0.189618 0.252744 1.64956 -0.0807845 1.4839 
2.30697 0.802591 -0.189707 0.252679 1.64936 -0.080862 1.48413 
2.30903 0.802598 -0.18979 0.252602 1.64919 -0.0809208 1.48436 
2.31132 0.802606 -0.189929 0.252506 1.64888 -0.0810158 1.48472 
2.31355 0.802608 -0.190037 0.252439 1.64868 -0.0810444 1.48492 
2.31586 0.802618 -0.190117 0.252368 1.64848 -0.0811097 1.48517 
2.31794 0.802629 -0.190187 0.252291 1.64831 -0.0811394 1.48541 
2.32014 0.802641 -0.190258 0.252223 1.64811 -0.0812079 1.48567 
2.3224 0.802654 -0.19037 0.252123 1.64781 -0.0813811 1.48605 
2.32486 0.802664 -0.190432 0.252059 1.64761 -0.0814827 1.48631 
2.32697 0.802671 -0.190498 0.252006 1.64739 -0.0815595 1.48657 
2.32906 0.802679 -0.190565 0.251956 1.64716 -0.0816048 1.48681 
2.33136 0.802686 -0.190682 0.251866 1.64683 -0.0816994 1.48718 
2.33357 0.802694 -0.190753 0.251794 1.64663 -0.0817302 1.48743 
2.33603 0.802703 -0.190816 0.251728 1.64641 -0.0818116 1.48771 
2.33793 0.802716 -0.190864 0.251649 1.64622 -0.0818799 1.48799 
2.34016 0.802727 -0.190922 0.251569 1.64604 -0.0819499 1.48825 
2.34241 0.802748 -0.190999 0.251451 1.64578 -0.082056 1.48867 
2.34456 0.802764 -0.191043 0.251371 1.64561 -0.082138 1.48896 
2.34692 0.802775 -0.191089 0.251295 1.64542 -0.0822057 1.48926 
2.34902 0.802786 -0.191136 0.251221 1.64523 -0.0822341 1.48954 
2.35124 0.802794 -0.191223 0.251109 1.64494 -0.0822484 1.48995 
2.35386 0.802801 -0.191286 0.251037 1.64473 -0.0822432 1.49019 
2.35594 0.802807 -0.191346 0.250977 1.64451 -0.0823246 1.49046 
2.35801 0.802816 -0.1914 0.250915 1.6443 -0.0823782 1.49073 
2.36012 0.802825 -0.191448 0.250856 1.64408 -0.082498 1.49102 
2.36236 0.802846 -0.191503 0.250773 1.64376 -0.0825962 1.49144 
2.36456 0.802857 -0.191545 0.250714 1.64356 -0.0826681 1.49173 
2.36698 0.802872 -0.191581 0.250647 1.64337 -0.0826581 1.49202 
2.36903 0.802885 -0.191617 0.25059 1.64316 -0.082706 1.49234 
2.37127 0.802904 -0.191659 0.250513 1.64288 -0.0827492 1.49284 
2.37366 0.802914 -0.191698 0.250472 1.64265 -0.0827308 1.49311 
2.37592 0.802918 -0.191758 0.25044 1.6424 -0.0827629 1.49337 
2.37799 0.802927 -0.191797 0.250412 1.64214 -0.082773 1.49364 
2.38015 0.802926 -0.191869 0.250391 1.64186 -0.0828499 1.49389 
2.38238 0.802938 -0.191941 0.250345 1.64147 -0.0828633 1.4943 
2.3849 0.802945 -0.191974 0.250313 1.64121 -0.0828843 1.49459 
2.38693 0.802957 -0.192012 0.250265 1.64098 -0.0828563 1.49487 
2.38899 0.802965 -0.192055 0.250225 1.64075 -0.0828643 1.49515 
2.39126 0.802998 -0.192036 0.250158 1.6404 -0.0828889 1.49568 
2.3935 0.803008 -0.192075 0.2501 1.64019 -0.0829505 1.49598 
2.39593 0.803018 -0.192109 0.250046 1.63997 -0.0830034 1.49626 
2.39799 0.803028 -0.192145 0.249989 1.63976 -0.0830666 1.49655 
2.40014 0.803019 -0.192203 0.24997 1.63945 -0.0830604 1.49678 
2.40243 0.803025 -0.192279 0.249894 1.63909 -0.0830801 1.49719 
2.40457 0.803026 -0.192333 0.249859 1.63883 -0.0830566 1.49745 
2.407 0.80303 -0.19237 0.249822 1.63856 -0.0830378 1.49774 
2.40905 0.803033 -0.192408 0.249789 1.6383 -0.083018 1.49801 
2.41124 0.803041 -0.192446 0.249747 1.63792 -0.0830134 1.49847 
2.41353 0.803045 -0.19248 0.249719 1.63767 -0.0830315 1.49875 
2.41593 0.803049 -0.192507 0.24969 1.6374 -0.083075 1.49906 
2.41792 0.803054 -0.192533 0.249667 1.63712 -0.083142 1.49939 
2.42009 0.803062 -0.192555 0.249642 1.63686 -0.0831615 1.4997 
2.42235 0.803069 -0.192607 0.249602 1.63648 -0.0830999 1.50012 
2.42456 0.803071 -0.192647 0.249572 1.63622 -0.0830932 1.50042 
2.42696 0.803075 -0.192684 0.249543 1.63596 -0.083123 1.50072 
2.42908 0.803077 -0.192729 0.249517 1.63571 -0.0831111 1.501 
2.43121 0.803083 -0.192788 0.249475 1.63534 -0.0831458 1.50143 
2.43351 0.803088 -0.192826 0.249451 1.6351 -0.0831286 1.5017 
2.43587 0.803095 -0.192845 0.249435 1.63483 -0.0831014 1.50201 
2.43794 0.8031 -0.192866 0.249436 1.63454 -0.0830657 1.50232 
2.44014 0.803102 -0.192922 0.249408 1.63442 -0.0826391 1.50242 
2.44238 0.803105 -0.192959 0.249411 1.63396 -0.0825761 1.50287 
2.44485 0.803108 -0.192979 0.249402 1.63367 -0.0825265 1.50318 
2.44693 0.80311 -0.193003 0.249389 1.63341 -0.0824956 1.50346 
2.44901 0.803113 -0.193019 0.249378 1.63313 -0.0824205 1.50376 
2.45118 0.803115 -0.193059 0.249344 1.6327 -0.0825085 1.5042 
2.45358 0.803116 -0.193086 0.249315 1.63244 -0.0824512 1.5045 
2.45614 0.803116 -0.193121 0.249285 1.63218 -0.082365 1.50477 
2.45834 0.803116 -0.193176 0.24926 1.63176 -0.0822623 1.50517 
2.46057 0.803119 -0.193197 0.249236 1.63149 -0.0822018 1.50546 
2.4629 0.803118 -0.193232 0.249207 1.6312 -0.0822652 1.50575 
2.46498 0.803126 -0.193233 0.249181 1.63095 -0.0825425 1.50605 
2.46715 0.803131 -0.193244 0.249161 1.63067 -0.0825383 1.50637 
2.46954 0.803139 -0.193271 0.249112 1.6303 -0.0824896 1.50682 
2.47192 0.803146 -0.19328 0.249084 1.63006 -0.0823992 1.50713 
2.47396 0.803151 -0.193291 0.249069 1.62978 -0.0823464 1.50746 
2.47606 0.803157 -0.1933 0.249046 1.62952 -0.0822641 1.50778 
2.47837 0.803159 -0.193326 0.249021 1.62911 -0.0822015 1.50823 
2.48059 0.803157 -0.193352 0.249007 1.62884 -0.0821427 1.50852 
2.48294 0.803153 -0.193387 0.249002 1.62855 -0.0821497 1.50881 
2.48517 0.803144 -0.193445 0.248985 1.62813 -0.0821211 1.50922 
2.48811 0.80314 -0.193467 0.248981 1.62783 -0.0820714 1.50953 
2.49025 0.803138 -0.193492 0.249014 1.62735 -0.0819802 1.51 
2.49254 0.803137 -0.193505 0.249017 1.62706 -0.0818491 1.5103 
2.49492 0.803133 -0.193523 0.249025 1.62676 -0.0817634 1.51061 
2.49694 0.803129 -0.19354 0.24903 1.62646 -0.0816811 1.5109 
2.49914 0.803124 -0.19356 0.249039 1.62613 -0.0816685 1.51121 
2.50144 0.803121 -0.193584 0.249039 1.6257 -0.0815883 1.51165 
2.50362 0.803119 -0.193597 0.249038 1.62539 -0.0815345 1.51195 
2.50596 0.803115 -0.193617 0.249027 1.6251 -0.0814244 1.51222 
2.50803 0.803109 -0.193644 0.249022 1.62479 -0.0813536 1.51251 
2.51025 0.8031 -0.193692 0.249001 1.62436 -0.0812254 1.51292 
2.51253 0.803096 -0.193719 0.248981 1.62408 -0.0811611 1.5132 
2.51469 0.803087 -0.193759 0.248959 1.6238 -0.0811142 1.51346 
2.51699 0.80308 -0.193791 0.248939 1.62354 -0.0810403 1.51372 
2.51913 0.803075 -0.193819 0.248916 1.62328 -0.0809555 1.51399 
2.52138 0.803074 -0.193831 0.248877 1.62288 -0.0808483 1.51447 
2.52388 0.803069 -0.193853 0.248856 1.6226 -0.0807691 1.51476 
2.52601 0.803065 -0.193872 0.248829 1.62235 -0.0806186 1.51505 
2.5281 0.80306 -0.193899 0.248792 1.62211 -0.0805246 1.51533 
2.53022 0.803057 -0.193926 0.248748 1.62174 -0.0803573 1.51575 
2.53252 0.803053 -0.193946 0.24873 1.62146 -0.0803154 1.51605 
2.53489 0.803049 -0.193967 0.248709 1.62119 -0.0802794 1.51634 
2.53695 0.803044 -0.193992 0.248698 1.62092 -0.0802272 1.51663 
2.53912 0.803038 -0.194023 0.248686 1.62065 -0.0801059 1.5169 
2.54139 0.803023 -0.194078 0.248671 1.62023 -0.0799529 1.51731 
2.54356 0.803013 -0.194114 0.24866 1.61995 -0.0798775 1.5176 
2.54592 0.803007 -0.194131 0.248653 1.61967 -0.0797697 1.5179 
2.54803 0.803001 -0.194141 0.248635 1.61928 -0.0796686 1.51838 
2.55108 0.802996 -0.194148 0.248629 1.61901 -0.079559 1.51868 
2.5532 0.802988 -0.194162 0.248637 1.61871 -0.0794653 1.51899 
2.55543 0.80297 -0.194198 0.248642 1.6183 -0.0793344 1.51945 
2.55764 0.802962 -0.19421 0.248645 1.618 -0.0791837 1.51975 
2.56001 0.802954 -0.194223 0.248647 1.61769 -0.079096 1.52006 
2.56208 0.802948 -0.194227 0.248645 1.61741 -0.0789721 1.52037 
2.56451 0.802932 -0.194248 0.248633 1.61698 -0.0788529 1.5208 
2.56687 0.802919 -0.19427 0.248629 1.61668 -0.0787755 1.52108 
2.56896 0.802903 -0.1943 0.248633 1.61635 -0.0787299 1.52135 
2.57104 0.802889 -0.194328 0.24864 1.61603 -0.078597 1.52162 
2.57321 0.802883 -0.194296 0.248641 1.61556 -0.0783543 1.52211 
2.57553 0.802871 -0.194311 0.248646 1.61524 -0.0782229 1.52239 
2.57796 0.802859 -0.194326 0.248645 1.61493 -0.078045 1.52266 
2.58003 0.802843 -0.194338 0.248653 1.61442 -0.0779281 1.5231 
2.58342 0.802826 -0.194351 0.248682 1.61391 -0.0777895 1.52354 
2.58556 0.802815 -0.194365 0.248694 1.61359 -0.077618 1.52381 
2.588 0.802806 -0.194374 0.24871 1.61326 -0.0774946 1.5241 
2.59011 0.802797 -0.194377 0.248726 1.61293 -0.0773171 1.52439 
2.59226 0.802785 -0.194377 0.248757 1.61241 -0.0771553 1.52486 
2.5946 0.802777 -0.194372 0.248766 1.61209 -0.0770061 1.52516 
2.59697 0.802768 -0.194376 0.248781 1.61175 -0.0769154 1.52545 
2.59896 0.802759 -0.194379 0.248802 1.61143 -0.0767527 1.52573 
2.60115 0.802748 -0.19438 0.248838 1.61104 -0.0767009 1.52605 
2.60344 0.802733 -0.194378 0.248887 1.6105 -0.0764915 1.52651 
2.60569 0.802721 -0.194387 0.24892 1.61014 -0.0762981 1.5268 
2.60798 0.802712 -0.194384 0.248965 1.60976 -0.0761539 1.52711 
2.61005 0.802702 -0.194384 0.249003 1.60941 -0.0759784 1.52741 
2.61224 0.802691 -0.19436 0.249056 1.60887 -0.0758157 1.5279 
2.61463 0.802683 -0.19434 0.249082 1.60853 -0.0756853 1.52823 
2.61696 0.802675 -0.194347 0.249088 1.60835 -0.0752323 1.52838 
2.619 0.802667 -0.194329 0.249117 1.60801 -0.0750686 1.52871 
2.62114 0.802662 -0.194299 0.24915 1.60765 -0.0748331 1.52906 
2.62343 0.802651 -0.194266 0.249183 1.60717 -0.0745707 1.52955 
2.62559 0.802645 -0.194236 0.249213 1.60682 -0.074408 1.52991 
2.62801 0.80264 -0.194203 0.249252 1.60647 -0.0743188 1.53025 
2.63005 0.802634 -0.194171 0.249291 1.6061 -0.0741709 1.53061 
2.63223 0.802628 -0.194139 0.249331 1.60574 -0.0740753 1.53097 
2.63456 0.80262 -0.194096 0.24939 1.6052 -0.0738195 1.53146 
2.63672 0.802615 -0.194068 0.249441 1.60482 -0.0736411 1.5318 
2.63902 0.802609 -0.194042 0.24949 1.60445 -0.0737886 1.53212 
2.6411 0.802602 -0.194014 0.249541 1.60406 -0.0736469 1.53248 
2.64339 0.802589 -0.193987 0.249611 1.6035 -0.0734015 1.53296 
2.64556 0.802581 -0.193964 0.249667 1.60311 -0.0732557 1.53329 
2.64796 0.802572 -0.193947 0.249728 1.60273 -0.0731017 1.5336 
2.65008 0.802558 -0.19395 0.249786 1.60232 -0.0730521 1.5339 
2.65146 0.802553 -0.193886 0.249891 1.60171 -0.0728342 1.53446 
2.65459 0.80255 -0.19384 0.249955 1.60132 -0.0726095 1.53481 
2.65696 0.802548 -0.193789 0.250027 1.60092 -0.0724227 1.53518 
2.65905 0.802548 -0.193734 0.250099 1.60052 -0.0722092 1.53553 
2.66122 0.802548 -0.193678 0.250178 1.60011 -0.0720378 1.5359 
2.66338 0.802546 -0.193598 0.250314 1.59945 -0.0718602 1.53647 
2.66555 0.802544 -0.193542 0.250414 1.599 -0.0717158 1.53685 
2.66794 0.802544 -0.193481 0.250515 1.59857 -0.0714568 1.53722 
2.67004 0.802542 -0.193427 0.250624 1.59811 -0.0712213 1.53759 
2.67231 0.802537 -0.193339 0.250791 1.59744 -0.0709069 1.53815 
2.67455 0.802535 -0.19327 0.250909 1.59696 -0.0707428 1.53855 
2.677 0.802536 -0.193193 0.251026 1.5965 -0.0705932 1.53895 
2.67898 0.802536 -0.193119 0.251145 1.59602 -0.0704463 1.53935 
2.68113 0.802537 -0.19304 0.251263 1.59555 -0.0702784 1.53976 
2.68339 0.802539 -0.192926 0.251437 1.59487 -0.0699608 1.54036 
2.68558 0.802543 -0.192833 0.25156 1.59439 -0.069775 1.54079 
2.68794 0.802546 -0.192739 0.251681 1.59393 -0.0695471 1.54123 
2.69006 0.802551 -0.192635 0.251806 1.59345 -0.0693756 1.54167 
2.69223 0.80256 -0.192478 0.251991 1.59276 -0.0690906 1.54234 
2.69459 0.802566 -0.192376 0.252112 1.59231 -0.0688716 1.54277 
2.69687 0.802571 -0.192277 0.252231 1.59185 -0.0686748 1.5432 
2.69898 0.802576 -0.192175 0.252355 1.59138 -0.0684607 1.54365 
2.70113 0.80258 -0.192079 0.252474 1.59093 -0.0682312 1.54408 
2.70346 0.802586 -0.191928 0.25266 1.59024 -0.0679126 1.54475 
2.70556 0.802589 -0.191826 0.252784 1.58977 -0.0677369 1.54519 
2.708 0.802595 -0.191717 0.252907 1.58932 -0.0675252 1.54564 
2.71003 0.802603 -0.191603 0.25303 1.58885 -0.0673823 1.54611 
2.71222 0.802615 -0.191429 0.253214 1.58816 -0.0670321 1.54679 
2.71454 0.802623 -0.191316 0.253339 1.5877 -0.0667761 1.54724 
2.71696 0.802629 -0.191204 0.253465 1.58724 -0.0665127 1.54768 
2.71896 0.802634 -0.191094 0.253595 1.58676 -0.066271 1.54813 
2.72113 0.802639 -0.190983 0.253726 1.58629 -0.0660486 1.54857 
2.72359 0.802647 -0.190812 0.253924 1.58557 -0.0657911 1.54926 
2.72556 0.802652 -0.190702 0.254057 1.58509 -0.0656104 1.54971 
2.728 0.802656 -0.19059 0.254196 1.58461 -0.0653336 1.55014 
2.73008 0.802659 -0.190471 0.254335 1.58414 -0.0651068 1.55061 
2.73227 0.802665 -0.19029 0.254558 1.58339 -0.0646982 1.5513 
2.73472 0.80267 -0.190164 0.254708 1.58288 -0.0644506 1.55177 
2.73695 0.802675 -0.190037 0.254856 1.58239 -0.0642072 1.55223 
2.73911 0.802678 -0.189913 0.255007 1.58189 -0.0639778 1.55269 
2.74115 0.802681 -0.189786 0.255158 1.5814 -0.0637397 1.55314 
2.74337 0.802686 -0.189588 0.255391 1.58062 -0.0634066 1.55386 
2.74557 0.802688 -0.189454 0.255555 1.58009 -0.0631297 1.55433 
2.74799 0.802689 -0.18932 0.255723 1.57955 -0.062874 1.5548 
2.75002 0.802691 -0.189184 0.255891 1.57902 -0.0625535 1.55527 
2.75228 0.802692 -0.189047 0.256063 1.57848 -0.0623214 1.55574 
2.75456 0.80269 -0.188846 0.256328 1.57765 -0.0619572 1.55644 
2.75692 0.80269 -0.188709 0.256509 1.57709 -0.0617388 1.55692 
2.75903 0.802686 -0.18858 0.256695 1.57652 -0.0614727 1.55737 
2.76121 0.802686 -0.188444 0.256878 1.57596 -0.0611699 1.55785 
2.76342 0.802687 -0.188241 0.257144 1.57514 -0.0607687 1.55855 
2.76557 0.802689 -0.188099 0.257319 1.5746 -0.0604578 1.55903 
2.76796 0.802693 -0.187953 0.257488 1.57406 -0.0602423 1.55953 
2.77008 0.802697 -0.187808 0.257655 1.57354 -0.0599795 1.56002 
2.77239 0.802711 -0.187586 0.25788 1.57281 -0.0596287 1.56077 
2.77458 0.802714 -0.187451 0.25804 1.57231 -0.059306 1.56123 
2.77695 0.802717 -0.187309 0.258207 1.57178 -0.0590339 1.56172 
2.77899 0.802718 -0.187172 0.258375 1.57126 -0.0587206 1.56219 
2.78113 0.80272 -0.187025 0.258554 1.57071 -0.0584722 1.56269 
2.78339 0.80272 -0.18681 0.258827 1.56991 -0.0580529 1.56341 
2.78557 0.802721 -0.186656 0.259024 1.56933 -0.0578217 1.56394 
2.78798 0.802722 -0.186508 0.25921 1.56879 -0.0575669 1.56444 
2.79013 0.802721 -0.18636 0.259401 1.56825 -0.0572424 1.56493 
2.79234 0.802719 -0.186138 0.259681 1.56743 -0.0567885 1.56568 
2.79457 0.802715 -0.185997 0.259865 1.5669 -0.0564373 1.56616 
2.79696 0.802711 -0.185882 0.260024 1.56653 -0.0557886 1.56644 
2.79895 0.802706 -0.185737 0.260213 1.56599 -0.055453 1.56692 
2.80117 0.802704 -0.18558 0.26041 1.56544 -0.0551784 1.56743 
2.80348 0.8027 -0.185347 0.260704 1.5646 -0.0547564 1.5682 
2.80563 0.802701 -0.185191 0.260901 1.56406 -0.0544259 1.56869 
2.80796 0.802701 -0.185037 0.261094 1.56352 -0.0540181 1.56918 
2.81003 0.802704 -0.184876 0.261284 1.56298 -0.0537069 1.56969 
2.81225 0.802706 -0.184636 0.261569 1.56216 -0.0532694 1.57046 
2.81453 0.802708 -0.184465 0.261765 1.56162 -0.0529659 1.57098 
2.81688 0.80271 -0.184292 0.261965 1.56106 -0.0527067 1.57152 
2.81902 0.802712 -0.184116 0.262173 1.56051 -0.0523328 1.57204 
2.82123 0.802716 -0.183931 0.262387 1.55995 -0.0519984 1.57258 
2.82342 0.802722 -0.183656 0.262711 1.55909 -0.0518171 1.57339 
